4.52046	1.83658	-1.15562	2.8358	4.49423	
4.52044	1.83658	-1.1556	2.83564	4.49423	
4.52044	1.83658	-1.15551	2.83462	4.49423	
4.52044	1.83659	-1.15537	2.83319	4.49423	
4.52044	1.83659	-1.15521	2.83217	4.49423	
4.52044	1.83659	-1.15476	2.83122	4.49423	
4.52044	1.83659	-1.15457	2.83071	4.49423	
4.52044	1.8366	-1.15455	2.83035	4.49423	
4.52044	1.8366	-1.15454	2.83015	4.49423	
4.52044	1.8366	-1.15454	2.83018	4.49423	
4.52044	1.83661	-1.15454	2.83015	4.49423	
4.52044	1.83662	-1.15454	2.83015	4.49423	
4.52044	1.83662	-1.15452	2.83015	4.49423	
4.52044	1.83663	-1.1545	2.83015	4.49423	
4.52044	1.83663	-1.15449	2.83013	4.49423	
4.52043	1.83665	-1.15444	2.83013	4.49423	
4.52043	1.83667	-1.15441	2.83013	4.49423	
4.52043	1.83667	-1.15433	2.83015	4.49423	
4.52043	1.83668	-1.15421	2.83013	4.49423	
4.52043	1.83671	-1.15392	2.83013	4.49423	
4.52043	1.83674	-1.15331	2.83013	4.49423	
4.52043	1.83678	-1.15317	2.83018	4.49423	
4.52043	1.83683	-1.15317	2.83007	4.49423	
4.52043	1.83685	-1.15317	2.83004	4.49423	
4.52043	1.8369	-1.15318	2.83007	4.49423	
4.52043	1.83691	-1.15318	2.83007	4.49423	
4.52042	1.83698	-1.15318	2.83009	4.49423	
4.52042	1.83701	-1.15318	2.83009	4.49423	
4.52042	1.83706	-1.15318	2.83009	4.49423	
4.52042	1.83713	-1.15318	2.83009	4.49423	
4.52042	1.83756	-1.15318	2.83009	4.49423	
4.52042	1.838	-1.15318	2.83009	4.49423	
4.52042	1.83827	-1.15318	2.83009	4.49423	
4.52042	1.83877	-1.15318	2.83007	4.49423	
4.52042	1.83919	-1.15318	2.83011	4.49423	
4.52042	1.83967	-1.15318	2.83004	4.49423	
4.52041	1.83999	-1.15317	2.83013	4.49423	
4.52041	1.84055	-1.15317	2.82984	4.49423	
4.52041	1.84116	-1.15314	2.82942	4.49423	
4.52041	1.84192	-1.15312	2.82843	4.49423	
4.52041	1.84322	-1.15293	2.82522	4.49423	
4.52041	1.84448	-1.15234	2.82232	4.49423	
4.52041	1.84575	-1.15172	2.81989	4.49423	
4.52041	1.84687	-1.15119	2.81861	4.49423	
4.52041	1.84702	-1.15045	2.81863	4.49423	
4.52041	1.84702	-1.14948	2.81872	4.49423	
4.5204	1.84701	-1.1483	2.81861	4.49423	
4.5204	1.84701	-1.14767	2.81872	4.49423	
4.5204	1.84701	-1.14767	2.81876	4.49423	
4.5204	1.847	-1.14767	2.81805	4.49423	
4.5204	1.847	-1.14767	2.81673	4.49423	
4.5204	1.847	-1.14767	2.81381	4.49423	
4.5204	1.84701	-1.14767	2.80984	4.49423	
4.5204	1.84701	-1.14766	2.80644	4.49423	
4.5204	1.84702	-1.14764	2.80102	4.49423	
4.5204	1.84703	-1.14762	2.79832	4.49423	
4.5204	1.84708	-1.14736	2.79666	4.49423	
4.5204	1.84721	-1.14649	2.79595	4.49423	
4.5204	1.84777	-1.14557	2.79611	4.49423	
4.5204	1.84889	-1.14462	2.79606	4.49423	
4.5204	1.85025	-1.14398	2.79608	4.49423	
4.5204	1.85259	-1.14387	2.79608	4.49423	
4.5204	1.85469	-1.14387	2.79606	4.49423	
4.5204	1.85662	-1.14385	2.79608	4.49423	
4.5204	1.85843	-1.14385	2.79606	4.49423	
4.5204	1.85998	-1.14382	2.79606	4.49423	
4.5204	1.86097	-1.14362	2.79608	4.49423	
4.5204	1.86097	-1.14297	2.79606	4.49423	
4.5204	1.86096	-1.14183	2.79604	4.49423	
4.5204	1.86096	-1.14051	2.79604	4.49423	
4.5204	1.86095	-1.13872	2.79604	4.49423	
4.5204	1.86095	-1.13859	2.79619	4.49423	
4.5204	1.86094	-1.13859	2.79611	4.49423	
4.5204	1.86094	-1.13861	2.79509	4.49423	
4.5204	1.86094	-1.13859	2.79296	4.49423	
4.5204	1.86095	-1.13859	2.79027	4.49423	
4.5204	1.86095	-1.13859	2.78801	4.49423	
4.5204	1.86095	-1.13858	2.78688	4.49423	
4.5204	1.86096	-1.13856	2.78458	4.49423	
4.5204	1.86097	-1.13851	2.78473	4.49423	
4.5204	1.86099	-1.13834	2.78478	4.49423	
4.5204	1.86103	-1.13749	2.7848	4.49423	
4.5204	1.86114	-1.13712	2.78484	4.49423	
4.5204	1.86121	-1.13704	2.78484	4.49423	
4.5204	1.86123	-1.13699	2.78484	4.49423	
4.5204	1.86128	-1.1368	2.78484	4.49423	
4.5204	1.86142	-1.13639	2.78484	4.49423	
4.5204	1.8618	-1.13627	2.78489	4.49423	
4.5204	1.86243	-1.13627	2.78489	4.49423	
4.5204	1.86347	-1.13627	2.78489	4.49423	
4.5204	1.86483	-1.13627	2.78487	4.49423	
4.5204	1.86531	-1.13627	2.78489	4.49423	
4.5204	1.86697	-1.13625	2.78487	4.49423	
4.5204	1.86779	-1.13624	2.78487	4.49423	
4.5204	1.86784	-1.1362	2.7848	4.49423	
4.5204	1.86784	-1.13619	2.7842	4.49423	
4.5204	1.86784	-1.13605	2.78323	4.49423	
4.5204	1.86785	-1.13587	2.78122	4.49423	
4.5204	1.86787	-1.13547	2.77861	4.49423	
4.5204	1.86787	-1.13449	2.77657	4.49423	
4.5204	1.86792	-1.13302	2.77491	4.49423	
4.5204	1.86801	-1.13099	2.77374	4.49423	
4.5204	1.86836	-1.13049	2.77381	4.49423	
4.5204	1.86931	-1.1305	2.77372	4.49423	
4.5204	1.8704	-1.13055	2.77363	4.49423	
4.5204	1.87156	-1.13056	2.77372	4.49423	
4.5204	1.87257	-1.13058	2.77374	4.49423	
4.5204	1.87257	-1.13058	2.77374	4.49423	
4.5204	1.87483	-1.13072	2.77378	4.49423	
4.5204	1.87488	-1.13072	2.77374	4.49423	
4.5204	1.87488	-1.13083	2.77361	4.49423	
4.5204	1.87488	-1.13083	2.77316	4.49423	
4.5204	1.87488	-1.13083	2.77226	4.49423	
4.5204	1.87489	-1.13083	2.77024	4.49423	
4.5204	1.87489	-1.13083	2.76759	4.49423	
4.5204	1.8749	-1.13082	2.76538	4.49423	
4.5204	1.87493	-1.13082	2.7635	4.49423	
4.5204	1.87521	-1.13082	2.76261	4.49423	
4.5204	1.876	-1.1308	2.76265	4.49423	
4.5204	1.87718	-1.13075	2.76274	4.49423	
4.5204	1.8787	-1.13074	2.7627	4.49423	
4.5204	1.87976	-1.13074	2.76272	4.49423	
4.5204	1.8817	-1.13066	2.76274	4.49423	
4.5204	1.8824	-1.13066	2.76277	4.49423	
4.5204	1.88239	-1.1305	2.76279	4.49423	
4.5204	1.88239	-1.1305	2.76274	4.49423	
4.5204	1.88239	-1.13044	2.76277	4.49423	
4.5204	1.88238	-1.13027	2.76274	4.49423	
4.5204	1.88236	-1.12986	2.76272	4.49423	
4.5204	1.88235	-1.12962	2.76277	4.49423	
4.5204	1.88235	-1.12961	2.76274	4.49423	
4.5204	1.88234	-1.12961	2.76272	4.49423	
4.5204	1.88233	-1.12961	2.76277	4.49423	
4.5204	1.88231	-1.12961	2.76277	4.49423	
4.5204	1.88229	-1.12959	2.76279	4.49423	
4.5204	1.88228	-1.12959	2.76279	4.49423	
4.5204	1.88227	-1.12959	2.76279	4.49423	
4.5204	1.88224	-1.12958	2.76277	4.49423	
4.5204	1.88221	-1.12958	2.76277	4.49423	
4.5204	1.88221	-1.12954	2.76279	4.49423	
4.5204	1.88219	-1.12951	2.76281	4.49423	
4.5204	1.88218	-1.12948	2.76279	4.49423	
4.5204	1.88216	-1.12947	2.76277	4.49423	
4.5204	1.88214	-1.12934	2.76272	4.49423	
4.5204	1.88211	-1.12918	2.76272	4.49423	
4.5204	1.8821	-1.12885	2.76274	4.49423	
4.5204	1.88208	-1.12827	2.76277	4.49423	
4.5204	1.88207	-1.12813	2.76277	4.49423	
4.5204	1.88206	-1.12813	2.76272	4.49423	
4.5204	1.88205	-1.1281	2.76241	4.49423	
4.5204	1.88205	-1.12802	2.76195	4.49423	
4.5204	1.88201	-1.12771	2.76057	4.49423	
4.5204	1.88199	-1.12667	2.7579	4.49423	
4.5204	1.88199	-1.12571	2.75608	4.49423	
4.5204	1.88198	-1.12343	2.75358	4.49423	
4.5204	1.88199	-1.12303	2.75228	4.49423	
4.5204	1.88199	-1.12307	2.7521	4.49423	
4.5204	1.882	-1.12312	2.75186	4.49423	
4.5204	1.882	-1.12315	2.75177	4.49423	
4.5204	1.88202	-1.12318	2.75177	4.49423	
4.5204	1.88203	-1.12326	2.75177	4.49423	
4.5204	1.88203	-1.12326	2.75177	4.49423	
4.5204	1.88204	-1.12329	2.75177	4.49423	
4.5204	1.88205	-1.12332	2.75179	4.49423	
4.5204	1.88208	-1.12335	2.75179	4.49423	
4.5204	1.8821	-1.12337	2.75179	4.49423	
4.5204	1.88212	-1.12343	2.75179	4.49423	
4.5204	1.88214	-1.1235	2.75179	4.49423	
4.5204	1.88219	-1.12357	2.75179	4.49423	
4.5204	1.88228	-1.12367	2.75179	4.49423	
4.5204	1.88239	-1.12379	2.75181	4.49423	
4.5204	1.88243	-1.12384	2.75181	4.49423	
4.5204	1.88243	-1.12384	2.75181	4.49423	
4.5204	1.88348	-1.124	2.75179	4.49423	
4.5204	1.88427	-1.12403	2.75179	4.49423	
4.5204	1.88522	-1.12409	2.75179	4.49423	
4.5204	1.88607	-1.12417	2.75181	4.49423	
4.5204	1.88724	-1.12419	2.75181	4.49423	
4.5204	1.88804	-1.1242	2.75181	4.49423	
4.5204	1.88916	-1.12425	2.75179	4.49423	
4.5204	1.88976	-1.12425	2.75181	4.49423	
4.5204	1.88975	-1.12423	2.75177	4.49423	
4.5204	1.88975	-1.12423	2.75144	4.49423	
4.5204	1.88975	-1.12423	2.75013	4.49423	
4.5204	1.88975	-1.12422	2.74788	4.49423	
4.5204	1.88975	-1.1242	2.74454	4.49423	
4.5204	1.88976	-1.12422	2.74268	4.49423	
4.5204	1.88977	-1.1242	2.74086	4.49423	
4.5204	1.88979	-1.1242	2.74091	4.49423	
4.5204	1.88983	-1.1242	2.74091	4.49423	
4.5204	1.88987	-1.12419	2.74088	4.49423	
4.5204	1.89001	-1.12419	2.74091	4.49423	
4.5204	1.89075	-1.12419	2.74088	4.49423	
4.5204	1.89149	-1.12419	2.74091	4.49423	
4.5204	1.89312	-1.12416	2.74088	4.49423	
4.5204	1.89437	-1.12414	2.74088	4.49423	
4.5204	1.89592	-1.12409	2.74091	4.49423	
4.5204	1.8969	-1.124	2.74091	4.49423	
4.5204	1.8972	-1.12386	2.74091	4.49423	
4.5204	1.8972	-1.12346	2.74091	4.49423	
4.5204	1.8972	-1.12325	2.74091	4.49423	
4.5204	1.8972	-1.1232	2.74093	4.49423	
4.5204	1.89719	-1.1232	2.74088	4.49423	
4.5204	1.89719	-1.12318	2.74091	4.49423	
4.5204	1.89719	-1.12318	2.74091	4.49423	
4.5204	1.89718	-1.12317	2.74091	4.49423	
4.5204	1.89718	-1.12317	2.74091	4.49423	
4.5204	1.89717	-1.12314	2.74093	4.49423	
4.5204	1.89717	-1.12312	2.74093	4.49423	
4.5204	1.89716	-1.12309	2.74093	4.49423	
4.5204	1.89715	-1.12304	2.74093	4.49423	
4.5204	1.89714	-1.12301	2.74093	4.49423	
4.5204	1.89711	-1.12293	2.74093	4.49423	
4.5204	1.89711	-1.12288	2.74093	4.49423	
4.5204	1.89709	-1.12273	2.74093	4.49423	
4.5204	1.89708	-1.12241	2.74093	4.49423	
4.5204	1.89707	-1.12183	2.74093	4.49423	
4.5204	1.89707	-1.12164	2.74097	4.49423	
4.5204	1.89705	-1.12164	2.74093	4.49423	
4.5204	1.89702	-1.12164	2.74093	4.49423	
4.5204	1.89702	-1.12163	2.7408	4.49423	
4.5204	1.89702	-1.12158	2.74029	4.49423	
4.5204	1.89702	-1.12142	2.73889	4.49423	
4.5204	1.89702	-1.12101	2.73604	4.49423	
4.5204	1.89702	-1.12057	2.73465	4.49423	
4.5204	1.89702	-1.12009	2.73188	4.49423	
4.5204	1.89702	-1.11998	2.73097	4.49423	
4.5204	1.89703	-1.1194	2.73002	4.49423	
4.5204	1.89703	-1.11885	2.73013	4.49423	
4.5204	1.89704	-1.11795	2.7302	4.49423	
4.5204	1.89705	-1.11717	2.73018	4.49423	
4.5204	1.89706	-1.11682	2.7302	4.49423	
4.5204	1.89707	-1.1168	2.73018	4.49423	
4.5204	1.89711	-1.1168	2.73018	4.49423	
4.5204	1.89713	-1.11682	2.73015	4.49423	
4.5204	1.89715	-1.11684	2.73015	4.49423	
4.5204	1.89718	-1.11684	2.73015	4.49423	
4.5204	1.89722	-1.11687	2.73015	4.49423	
4.5204	1.89729	-1.1169	2.73015	4.49423	
4.5204	1.89731	-1.11691	2.73015	4.49423	
4.5204	1.89761	-1.11693	2.73015	4.49423	
4.5204	1.89805	-1.11696	2.73015	4.49423	
4.5204	1.89965	-1.11702	2.73015	4.49423	
4.5204	1.90368	-1.11743	2.73015	4.49423	
4.5204	1.90464	-1.11779	2.73015	4.49423	
4.5204	1.90465	-1.11778	2.72496	4.49423	
4.5204	1.90665	-1.11772	2.7194	4.49423	
4.5204	1.91232	-1.1164	2.71942	4.49423	
4.5204	1.91232	-1.11487	2.71945	4.49423	
4.5204	1.91229	-1.11478	2.71945	4.49423	
4.5204	1.91227	-1.1139	2.71907	4.49423	
4.5204	1.91243	-1.11324	2.70876	4.49423	
4.5204	1.91421	-1.11242	2.70883	4.49423	
4.5204	1.91543	-1.11242	2.70883	4.49423	
4.5204	1.91601	-1.11242	2.70878	4.49423	
4.5204	1.91755	-1.11241	2.70887	4.49423	
4.5204	1.91858	-1.11241	2.70881	4.49423	
4.5204	1.91938	-1.11241	2.70881	4.49423	
4.5204	1.92011	-1.11239	2.70881	4.49423	
4.5204	1.92012	-1.11234	2.70881	4.49423	
4.5204	1.92012	-1.1123	2.70841	4.49423	
4.5204	1.92012	-1.11219	2.70812	4.49423	
4.5204	1.92012	-1.1112	2.7073	4.49423	
4.5204	1.92013	-1.10906	2.70392	4.49423	
4.5204	1.92021	-1.10818	2.70111	4.49423	
4.5204	1.92042	-1.10809	2.69998	4.49423	
4.5204	1.92133	-1.10812	2.69825	4.49423	
4.5204	1.9225	-1.1082	2.69807	4.49423	
4.5204	1.92408	-1.10821	2.69814	4.49423	
4.5204	1.92585	-1.10823	2.69821	4.49423	
4.5204	1.9273	-1.10832	2.69821	4.49423	
4.5204	1.92835	-1.10834	2.69827	4.49423	
4.5204	1.92835	-1.10835	2.69821	4.49423	
4.5204	1.92835	-1.10854	2.69779	4.49423	
4.5204	1.92834	-1.10864	2.69715	4.49423	
4.5204	1.92834	-1.10864	2.69661	4.49423	
4.5204	1.92835	-1.10862	2.69434	4.49423	
4.5204	1.92835	-1.10862	2.69108	4.49423	
4.5204	1.92836	-1.10862	2.68878	4.49423	
4.5204	1.92839	-1.10862	2.68757	4.49423	
4.5204	1.92846	-1.10862	2.68781	4.49423	
4.5204	1.92885	-1.10859	2.68781	4.49423	
4.5204	1.92992	-1.10859	2.68781	4.49423	
4.5204	1.93119	-1.10857	2.68781	4.49423	
4.5204	1.93265	-1.10856	2.68781	4.49423	
4.5204	1.93423	-1.10856	2.68785	4.49423	
4.5204	1.93545	-1.10854	2.68785	4.49423	
4.5204	1.93624	-1.10851	2.6879	4.49423	
4.5204	1.93624	-1.10845	2.68785	4.49423	
4.5204	1.93624	-1.10845	2.68785	4.49423	
4.5204	1.93623	-1.10843	2.68788	4.49423	
4.5204	1.93623	-1.10842	2.68788	4.49423	
4.5204	1.93623	-1.10842	2.68788	4.49423	
4.5204	1.93623	-1.10832	2.68788	4.49423	
4.5204	1.93623	-1.10821	2.68788	4.49423	
4.5204	1.93623	-1.10799	2.68788	4.49423	
4.5204	1.93622	-1.10754	2.68788	4.49423	
4.5204	1.93622	-1.10743	2.6879	4.49423	
4.5204	1.93619	-1.10743	2.68788	4.49423	
4.5204	1.93618	-1.1074	2.68734	4.49423	
4.5204	1.93618	-1.10736	2.68712	4.49423	
4.5204	1.93619	-1.1073	2.68655	4.49423	
4.5204	1.93619	-1.10718	2.68478	4.49423	
4.5204	1.93619	-1.10697	2.68113	4.49423	
4.5204	1.93619	-1.1065	2.67892	4.49423	
4.5204	1.93622	-1.10609	2.67717	4.49423	
4.5204	1.93631	-1.10609	2.67734	4.49423	
4.5204	1.93652	-1.10609	2.67734	4.49423	
4.5204	1.93688	-1.10608	2.67739	4.49423	
4.5204	1.93727	-1.10608	2.67741	4.49423	
4.5204	1.93864	-1.10608	2.67743	4.49423	
4.5204	1.93923	-1.10608	2.67746	4.49423	
4.5204	1.93967	-1.10608	2.67746	4.49423	
4.5204	1.94109	-1.10606	2.67748	4.49423	
4.5204	1.94126	-1.10606	2.67748	4.49423	
4.5204	1.94323	-1.10601	2.6775	4.49423	
4.5204	1.94403	-1.10598	2.6775	4.49423	
4.5204	1.94423	-1.1059	2.67752	4.49423	
4.5204	1.94423	-1.10581	2.67752	4.49423	
4.5204	1.94424	-1.10571	2.6775	4.49423	
4.5204	1.94424	-1.10537	2.6775	4.49423	
4.5204	1.94423	-1.10487	2.6775	4.49423	
4.5204	1.94423	-1.10479	2.67757	4.49423	
4.5204	1.94423	-1.10477	2.67726	4.49423	
4.5204	1.94424	-1.10477	2.67666	4.49423	
4.5204	1.94424	-1.10474	2.67593	4.49423	
4.5204	1.94426	-1.10471	2.67447	4.49423	
4.5204	1.9443	-1.10466	2.67239	4.49423	
4.5204	1.94444	-1.10462	2.66982	4.49423	
4.5204	1.94476	-1.10455	2.66768	4.49423	
4.5204	1.9454	-1.10452	2.66692	4.49423	
4.5204	1.94679	-1.10443	2.66708	4.49423	
4.5204	1.94821	-1.10388	2.66715	4.49423	
4.5204	1.94974	-1.1029	2.66715	4.49423	
4.5204	1.95134	-1.10195	2.66721	4.49423	
4.5204	1.95256	-1.1018	2.6673	4.49423	
4.5204	1.95279	-1.10179	2.66715	4.49423	
4.5204	1.95279	-1.10179	2.66659	4.49423	
4.5204	1.95279	-1.10177	2.6652	4.49423	
4.5204	1.95279	-1.10177	2.66484	4.49423	
4.5204	1.95279	-1.10177	2.66484	4.49423	
4.5204	1.9528	-1.10052	2.65894	4.49423	
4.5204	1.95287	-1.10042	2.65741	4.49423	
4.5204	1.95298	-1.10042	2.65686	4.49423	
4.5204	1.96108	-1.10053	2.65706	4.49423	
4.5204	1.96108	-1.10058	2.65708	4.49423	
4.5204	1.96108	-1.10059	2.65704	4.49423	
4.5204	1.96108	-1.10061	2.65692	4.49423	
4.5204	1.96108	-1.10063	2.65639	4.49423	
4.5204	1.96108	-1.10063	2.6556	4.49423	
4.5204	1.96108	-1.10063	2.65363	4.49423	
4.5204	1.96108	-1.10061	2.65166	4.49423	
4.5204	1.96108	-1.10061	2.64931	4.49423	
4.5204	1.96109	-1.10061	2.64732	4.49423	
4.5204	1.96111	-1.10061	2.64673	4.49423	
4.5204	1.96114	-1.10059	2.64695	4.49423	
4.5204	1.96128	-1.10059	2.64697	4.49423	
4.5204	1.96156	-1.10059	2.64697	4.49423	
4.5204	1.9622	-1.10059	2.64697	4.49423	
4.5204	1.96296	-1.10058	2.64697	4.49423	
4.5204	1.96416	-1.10058	2.64699	4.49423	
4.5204	1.96534	-1.10055	2.64699	4.49423	
4.5204	1.96666	-1.10055	2.64699	4.49423	
4.5204	1.96782	-1.1005	2.64701	4.49423	
4.5204	1.96866	-1.10045	2.64699	4.49423	
4.5204	1.96918	-1.10028	2.64701	4.49423	
4.5204	1.96928	-1.09986	2.64701	4.49423	
4.5204	1.96928	-1.09964	2.64704	4.49423	
4.5204	1.96928	-1.09964	2.64704	4.49423	
4.5204	1.96929	-1.09964	2.64657	4.49423	
4.5204	1.96931	-1.0996	2.64546	4.49423	
4.5204	1.96934	-1.09959	2.64403	4.49423	
4.5204	1.96946	-1.09957	2.64206	4.49423	
4.5204	1.96962	-1.09957	2.64044	4.49423	
4.5204	1.97012	-1.09956	2.6383	4.49423	
4.5204	1.97092	-1.09956	2.63721	4.49423	
4.5204	1.97216	-1.09954	2.63666	4.49423	
4.5204	1.97366	-1.09951	2.63684	4.49423	
4.5204	1.97529	-1.09942	2.63686	4.49423	
4.5204	1.97694	-1.09931	2.63688	4.49423	
4.5204	1.97812	-1.09896	2.6369	4.49423	
4.5204	1.9782	-1.09821	2.63695	4.49423	
4.5204	1.9782	-1.098	2.63699	4.49423	
4.5204	1.9782	-1.098	2.63695	4.49423	
4.5204	1.9782	-1.098	2.63681	4.49423	
4.5204	1.97821	-1.09799	2.63642	4.49423	
4.5204	1.97821	-1.09799	2.63531	4.49423	
4.5204	1.97821	-1.09799	2.63334	4.49423	
4.5204	1.97822	-1.09799	2.63153	4.49423	
4.5204	1.97822	-1.09799	2.63062	4.49423	
4.5204	1.97826	-1.09797	2.6283	4.49423	
4.5204	1.97841	-1.09796	2.62719	4.49423	
4.5204	1.9786	-1.09796	2.62701	4.49423	
4.5204	1.97923	-1.09788	2.62712	4.49423	
4.5204	1.98008	-1.09761	2.62712	4.49423	
4.5204	1.98106	-1.09714	2.62715	4.49423	
4.5204	1.98221	-1.09692	2.62717	4.49423	
4.5204	1.98346	-1.09692	2.62717	4.49423	
4.5204	1.98465	-1.0969	2.62715	4.49423	
4.5204	1.98583	-1.0969	2.62717	4.49423	
4.5204	1.98654	-1.0969	2.62717	4.49423	
4.5204	1.98668	-1.09687	2.62721	4.49423	
4.5204	1.98668	-1.09687	2.62679	4.49423	
4.5204	1.98668	-1.09684	2.62573	4.49423	
4.5204	1.98669	-1.09681	2.62365	4.49423	
4.5204	1.9867	-1.09673	2.62175	4.49423	
4.5204	1.98674	-1.09667	2.61982	4.49423	
4.5204	1.98693	-1.0966	2.61852	4.49423	
4.5204	1.98727	-1.09632	2.61737	4.49423	
4.5204	1.98764	-1.0956	2.61726	4.49423	
4.5204	1.98859	-1.09524	2.61734	4.49423	
4.5204	1.98997	-1.09506	2.61737	4.49423	
4.5204	1.99144	-1.09505	2.61737	4.49423	
4.5204	1.99308	-1.09503	2.61737	4.49423	
4.5204	1.99442	-1.09503	2.61739	4.49423	
4.5204	1.9954	-1.09503	2.61739	4.49423	
4.5204	1.99543	-1.09503	2.61739	4.49423	
4.5204	1.99543	-1.09502	2.61697	4.49423	
4.5204	1.99543	-1.09494	2.61549	4.49423	
4.5204	1.99545	-1.09469	2.61336	4.49423	
4.5204	1.99546	-1.09455	2.61122	4.49423	
4.5204	1.99546	-1.09455	2.61004	4.49423	
4.5204	1.99551	-1.09455	2.60834	4.49423	
4.5204	1.99562	-1.09455	2.60788	4.49423	
4.5204	1.99586	-1.09455	2.60759	4.49423	
4.5204	1.99658	-1.09455	2.60761	4.49423	
4.5204	1.99772	-1.09455	2.60765	4.49423	
4.5204	1.99929	-1.09455	2.60765	4.49423	
4.5204	2.00084	-1.09455	2.60768	4.49423	
4.5204	2.00246	-1.09456	2.60768	4.49423	
4.5204	2.00381	-1.09456	2.6077	4.49423	
4.5204	2.00445	-1.09456	2.60772	4.49423	
4.5204	2.00446	-1.09456	2.60768	4.49423	
4.5204	2.00446	-1.09456	2.60723	4.49423	
4.5204	2.00446	-1.09456	2.60661	4.49423	
4.5204	2.00446	-1.09455	2.60533	4.49423	
4.5204	2.00446	-1.09455	2.60285	4.49423	
4.5204	2.00447	-1.09455	2.60055	4.49423	
4.5204	2.00449	-1.09455	2.59905	4.49423	
4.5204	2.00458	-1.09455	2.59805	4.49423	
4.5204	2.00468	-1.09455	2.59814	4.49423	
4.5204	2.00474	-1.09455	2.59812	4.49423	
4.5204	2.00505	-1.09455	2.59812	4.49423	
4.5204	2.00575	-1.09455	2.59812	4.49423	
4.5204	2.00682	-1.09455	2.59814	4.49423	
4.5204	2.00815	-1.09455	2.59812	4.49423	
4.5204	2.0095	-1.09455	2.59812	4.49423	
4.5204	2.01112	-1.09453	2.59812	4.49423	
4.5204	2.01245	-1.09453	2.59812	4.49423	
4.5204	2.01323	-1.0945	2.59814	4.49423	
4.5204	2.01328	-1.09441	2.59812	4.49423	
4.5204	2.01327	-1.09441	2.59796	4.49423	
4.5204	2.01327	-1.09439	2.5977	4.49423	
4.5204	2.01327	-1.09437	2.59704	4.49423	
4.5204	2.01327	-1.09434	2.59504	4.49423	
4.5204	2.01327	-1.09433	2.5935	4.49423	
4.5204	2.01328	-1.09423	2.58956	4.49423	
4.5204	2.01328	-1.09423	2.58867	4.49423	
4.5204	2.01342	-1.09423	2.58856	4.49423	
4.5204	2.01402	-1.09411	2.58854	4.49423	
4.5204	2.01502	-1.09397	2.58854	4.49423	
4.5204	2.01626	-1.09346	2.58858	4.49423	
4.5204	2.01736	-1.09304	2.58861	4.49423	
4.5204	2.01876	-1.09302	2.58863	4.49423	
4.5204	2.02	-1.09304	2.58861	4.49423	
4.5204	2.02105	-1.09304	2.58865	4.49423	
4.5204	2.02182	-1.09304	2.58865	4.49423	
4.5204	2.02205	-1.09304	2.58863	4.49423	
4.5204	2.0221	-1.09304	2.58838	4.49423	
4.5204	2.02212	-1.09304	2.58783	4.49423	
4.5204	2.02218	-1.09304	2.58708	4.49423	
4.5204	2.02231	-1.09304	2.58558	4.49423	
4.5204	2.02245	-1.09304	2.58345	4.49423	
4.5204	2.02276	-1.09304	2.58093	4.49423	
4.5204	2.02363	-1.09304	2.57896	4.49423	
4.5204	2.02489	-1.09304	2.57909	4.49423	
4.5204	2.02652	-1.09304	2.57927	4.49423	
4.5204	2.02822	-1.09304	2.57925	4.49423	
4.5204	2.02991	-1.09304	2.57923	4.49423	
4.5204	2.03133	-1.09304	2.57927	4.49423	
4.5204	2.03168	-1.09304	2.57929	4.49423	
4.5204	2.03167	-1.09304	2.57889	4.49423	
4.5204	2.03167	-1.09305	2.57825	4.49423	
4.5204	2.03167	-1.09305	2.57673	4.49423	
4.5204	2.03167	-1.09304	2.57507	4.49423	
4.5204	2.03167	-1.09305	2.57352	4.49423	
4.5204	2.03167	-1.09305	2.571	4.49423	
4.5204	2.03168	-1.09305	2.56991	4.49423	
4.5204	2.03169	-1.09305	2.56993	4.49423	
4.5204	2.03173	-1.09305	2.56996	4.49423	
4.5204	2.03183	-1.09305	2.57	4.49423	
4.5204	2.04038	-1.09309	2.57007	4.49423	
4.5204	2.04038	-1.0931	2.57004	4.49423	
4.5204	2.04038	-1.0931	2.57007	4.49423	
4.5204	2.04038	-1.0931	2.57	4.49423	
4.5204	2.04038	-1.0931	2.5694	4.49423	
4.5204	2.04038	-1.0931	2.56805	4.49423	
4.5204	2.04038	-1.0931	2.56611	4.49423	
4.5204	2.04039	-1.09312	2.56425	4.49423	
4.5204	2.04043	-1.09312	2.56254	4.49423	
4.5204	2.04066	-1.09312	2.56131	4.49423	
4.5204	2.04091	-1.09312	2.56071	4.49423	
4.5204	2.04108	-1.09313	2.56084	4.49423	
4.5204	2.04161	-1.09313	2.56084	4.49423	
4.5204	2.0429	-1.09316	2.56086	4.49423	
4.5204	2.04405	-1.09316	2.56086	4.49423	
4.5204	2.04544	-1.09318	2.56086	4.49423	
4.5204	2.04711	-1.09318	2.56086	4.49423	
4.5204	2.04847	-1.09318	2.56086	4.49423	
4.5204	2.04966	-1.09318	2.56088	4.49423	
4.5204	2.04995	-1.09318	2.56091	4.49423	
4.5204	2.04995	-1.09318	2.56082	4.49423	
4.5204	2.04995	-1.09318	2.56082	4.49423	
4.5204	2.04995	-1.09321	2.55721	4.49423	
4.5204	2.04995	-1.09321	2.55529	4.49423	
4.5204	2.04995	-1.09323	2.55363	4.49423	
4.5204	2.04999	-1.09327	2.55254	4.49423	
4.5204	2.05006	-1.09327	2.55206	4.49423	
4.5204	2.05031	-1.09331	2.55173	4.49423	
4.5204	2.051	-1.09332	2.55175	4.49423	
4.5204	2.05207	-1.09332	2.55181	4.49423	
4.5204	2.05348	-1.09334	2.55181	4.49423	
4.5204	2.05491	-1.09334	2.55179	4.49423	
4.5204	2.05645	-1.09334	2.55181	4.49423	
4.5204	2.05789	-1.09334	2.55184	4.49423	
4.5204	2.05889	-1.09334	2.55184	4.49423	
4.5204	2.05932	-1.09335	2.55181	4.49423	
4.5204	2.05931	-1.09337	2.55157	4.49423	
4.5204	2.05931	-1.09343	2.55071	4.49423	
4.5204	2.05931	-1.09343	2.54881	4.49423	
4.5204	2.05931	-1.09345	2.54624	4.49423	
4.5204	2.05931	-1.09346	2.54507	4.49423	
4.5204	2.05932	-1.09357	2.54336	4.49423	
4.5204	2.05936	-1.09359	2.54279	4.49423	
4.5204	2.0595	-1.09365	2.54288	4.49423	
4.5204	2.05998	-1.09367	2.54285	4.49423	
4.5204	2.06087	-1.09386	2.54283	4.49423	
4.5204	2.06231	-1.0942	2.54292	4.49423	
4.5204	2.06384	-1.09452	2.54285	4.49423	
4.5204	2.06567	-1.09458	2.54288	4.49423	
4.5204	2.06712	-1.09458	2.5429	4.49423	
4.5204	2.06821	-1.09458	2.54292	4.49423	
4.5204	2.06846	-1.09458	2.54296	4.49423	
4.5204	2.06846	-1.09458	2.54274	4.49423	
4.5204	2.06847	-1.09459	2.54223	4.49423	
4.5204	2.06849	-1.09461	2.54159	4.49423	
4.5204	2.06858	-1.09461	2.53987	4.49423	
4.5204	2.06876	-1.09463	2.53692	4.49423	
4.5204	2.06918	-1.09464	2.53476	4.49423	
4.5204	2.06997	-1.09486	2.53374	4.49423	
4.5204	2.07148	-1.095	2.53392	4.49423	
4.5204	2.07307	-1.095	2.53396	4.49423	
4.5204	2.07355	-1.095	2.53398	4.49423	
4.5204	2.07355	-1.095	2.53398	4.49423	
4.5204	2.07781	-1.095	2.53403	4.49423	
4.5204	2.07829	-1.09499	2.53409	4.49423	
4.5204	2.07828	-1.095	2.53407	4.49423	
4.5204	2.07828	-1.095	2.53345	4.49423	
4.5204	2.07828	-1.09502	2.53283	4.49423	
4.5204	2.07829	-1.09505	2.53204	4.49423	
4.5204	2.07829	-1.09508	2.53058	4.49423	
4.5204	2.07829	-1.0951	2.52927	4.49423	
4.5204	2.07832	-1.09532	2.52602	4.49423	
4.5204	2.0784	-1.09583	2.525	4.49423	
4.5204	2.07851	-1.09623	2.52518	4.49423	
4.5204	2.07862	-1.09623	2.52529	4.49423	
4.5204	2.07896	-1.09623	2.52538	4.49423	
4.5204	2.07978	-1.09623	2.52535	4.49423	
4.5204	2.08092	-1.09623	2.5254	4.49423	
4.5204	2.08245	-1.09621	2.5254	4.49423	
4.5204	2.08379	-1.09621	2.5254	4.49423	
4.5204	2.08535	-1.09621	2.5254	4.49423	
4.5204	2.08654	-1.0962	2.5254	4.49423	
4.5204	2.08752	-1.09618	2.5254	4.49423	
4.5204	2.08761	-1.09613	2.52542	4.49423	
4.5204	2.08761	-1.09613	2.5248	4.49423	
4.5204	2.08761	-1.09613	2.52361	4.49423	
4.5204	2.08761	-1.09613	2.52221	4.49423	
4.5204	2.08766	-1.09615	2.52053	4.49423	
4.5204	2.08768	-1.09616	2.51911	4.49423	
4.5204	2.08774	-1.09616	2.51759	4.49423	
4.5204	2.08787	-1.09618	2.51661	4.49423	
4.5204	2.08817	-1.0962	2.5167	4.49423	
4.5204	2.08907	-1.0962	2.51673	4.49423	
4.5204	2.0903	-1.0962	2.51673	4.49423	
4.5204	2.09188	-1.0962	2.51675	4.49423	
4.5204	2.09358	-1.09621	2.51677	4.49423	
4.5204	2.09525	-1.09621	2.51679	4.49423	
4.5204	2.09677	-1.09623	2.51677	4.49423	
4.5204	2.09743	-1.09623	2.51681	4.49423	
4.5204	2.09743	-1.09623	2.51684	4.49423	
4.5204	2.09743	-1.09634	2.51622	4.49423	
4.5204	2.09743	-1.09645	2.51535	4.49423	
4.5204	2.09743	-1.09686	2.51321	4.49423	
4.5204	2.09744	-1.09722	2.51179	4.49423	
4.5204	2.09745	-1.09767	2.50991	4.49423	
4.5204	2.09748	-1.09802	2.50905	4.49423	
4.5204	2.09757	-1.09819	2.50896	4.49423	
4.5204	2.09784	-1.09833	2.50892	4.49423	
4.5204	2.09801	-1.09833	2.50896	4.49423	
4.5204	2.09842	-1.09833	2.50887	4.49423	
4.5204	2.09949	-1.09833	2.50854	4.49423	
4.5204	2.10073	-1.09833	2.50821	4.49423	
4.5204	2.10229	-1.09833	2.50819	4.49423	
4.5204	2.10388	-1.09833	2.50819	4.49423	
4.5204	2.10553	-1.09833	2.50821	4.49423	
4.5204	2.10682	-1.09832	2.50821	4.49423	
4.5204	2.10714	-1.09832	2.50832	4.49423	
4.5204	2.10712	-1.09832	2.50825	4.49423	
4.5204	2.10711	-1.09832	2.50752	4.49423	
4.5204	2.10712	-1.09832	2.50624	4.49423	
4.5204	2.10712	-1.09833	2.50405	4.49423	
4.5204	2.10712	-1.09833	2.50181	4.49423	
4.5204	2.10713	-1.09838	2.50042	4.49423	
4.5204	2.10715	-1.0984	2.49984	4.49423	
4.5204	2.10719	-1.09841	2.49996	4.49423	
4.5204	2.10726	-1.09844	2.49993	4.49423	
4.5204	2.10752	-1.09846	2.49993	4.49423	
4.5204	2.10824	-1.09847	2.49993	4.49423	
4.5204	2.10939	-1.09847	2.49996	4.49423	
4.5204	2.11052	-1.09849	2.49998	4.49423	
4.5204	2.1122	-1.09854	2.49998	4.49423	
4.5204	2.11397	-1.09855	2.49998	4.49423	
4.5204	2.11549	-1.09855	2.49998	4.49423	
4.5204	2.11655	-1.09855	2.49998	4.49423	
4.5204	2.11699	-1.09857	2.5	4.49423	
4.5204	2.11699	-1.09857	2.5	4.49423	
4.5204	2.11699	-1.09863	2.49998	4.49423	
4.5204	2.11699	-1.09865	2.50002	4.49423	
4.5204	2.11699	-1.09865	2.49996	4.49423	
4.5204	2.11699	-1.09869	2.49978	4.49423	
4.5204	2.11699	-1.09879	2.49942	4.49423	
4.5204	2.11699	-1.09887	2.49838	4.49423	
4.5204	2.11699	-1.0989	2.49655	4.49423	
4.5204	2.11699	-1.09904	2.49392	4.49423	
4.5204	2.11699	-1.09935	2.49177	4.49423	
4.5204	2.117	-1.10019	2.49135	4.49423	
4.5204	2.11701	-1.1007	2.49148	4.49423	
4.5204	2.11705	-1.10119	2.49161	4.49423	
4.5204	2.11715	-1.10129	2.49159	4.49423	
4.5204	2.1173	-1.10129	2.49168	4.49423	
4.5204	2.11751	-1.10133	2.4917	4.49423	
4.5204	2.11798	-1.10135	2.4917	4.49423	
4.5204	2.11873	-1.10136	2.4917	4.49423	
4.5204	2.11976	-1.10136	2.49173	4.49423	
4.5204	2.12103	-1.10138	2.49173	4.49423	
4.5204	2.12218	-1.10138	2.49173	4.49423	
4.5204	2.12343	-1.10138	2.49175	4.49423	
4.5204	2.12473	-1.10138	2.49175	4.49423	
4.5204	2.12596	-1.10138	2.49175	4.49423	
4.5204	2.12673	-1.10138	2.49175	4.49423	
4.5204	2.12671	-1.10136	2.49186	4.49423	
4.5204	2.12671	-1.10138	2.49166	4.49423	
4.5204	2.12672	-1.10138	2.49095	4.49423	
4.5204	2.12674	-1.10143	2.49007	4.49423	
4.5204	2.1268	-1.10147	2.48845	4.49423	
4.5204	2.12701	-1.10154	2.48673	4.49423	
4.5204	2.12734	-1.10185	2.48573	4.49423	
4.5204	2.12772	-1.10262	2.48454	4.49423	
4.5204	2.1284	-1.10334	2.48352	4.49423	
4.5204	2.12941	-1.10385	2.48352	4.49423	
4.5204	2.13038	-1.10389	2.48354	4.49423	
4.5204	2.13188	-1.10386	2.48361	4.49423	
4.5204	2.13348	-1.10385	2.48358	4.49423	
4.5204	2.13472	-1.10383	2.48363	4.49423	
4.5204	2.13618	-1.10383	2.48363	4.49423	
4.5204	2.1367	-1.10369	2.48369	4.49423	
4.5204	2.1367	-1.10369	2.48367	4.49423	
4.5204	2.13669	-1.10369	2.48358	4.49423	
4.5204	2.1367	-1.10369	2.48299	4.49423	
4.5204	2.1367	-1.10369	2.48175	4.49423	
4.5204	2.1367	-1.1037	2.47993	4.49423	
4.5204	2.1367	-1.1037	2.4785	4.49423	
4.5204	2.13673	-1.10374	2.47661	4.49423	
4.5204	2.13678	-1.10375	2.47602	4.49423	
4.5204	2.13703	-1.10378	2.47588	4.49423	
4.5204	2.13753	-1.1038	2.47588	4.49423	
4.5204	2.13814	-1.1038	2.47591	4.49423	
4.5204	2.13908	-1.10381	2.47584	4.49423	
4.5204	2.14026	-1.10383	2.47582	4.49423	
4.5204	2.14163	-1.10383	2.4758	4.49423	
4.5204	2.14238	-1.10385	2.47577	4.49423	
4.5204	2.14463	-1.10386	2.47575	4.49423	
4.5204	2.14577	-1.10388	2.47573	4.49423	
4.5204	2.14655	-1.10388	2.47571	4.49423	
4.5204	2.14657	-1.10388	2.47575	4.49423	
4.5204	2.14657	-1.10389	2.47571	4.49423	
4.5204	2.14657	-1.10392	2.47562	4.49423	
4.5204	2.14657	-1.10399	2.47564	4.49423	
4.5204	2.14657	-1.10399	2.47564	4.49423	
4.5204	2.14656	-1.10402	2.47564	4.49423	
4.5204	2.14656	-1.10413	2.47564	4.49423	
4.5204	2.14656	-1.10424	2.47564	4.49423	
4.5204	2.14655	-1.10509	2.47569	4.49423	
4.5204	2.14655	-1.10539	2.47551	4.49423	
4.5204	2.14655	-1.10548	2.47493	4.49423	
4.5204	2.14655	-1.10551	2.47365	4.49423	
4.5204	2.14655	-1.10576	2.47113	4.49423	
4.5204	2.14656	-1.10637	2.46836	4.49423	
4.5204	2.14657	-1.10674	2.46754	4.49423	
4.5204	2.14658	-1.10708	2.46752	4.49423	
4.5204	2.14669	-1.10725	2.4677	4.49423	
4.5204	2.14702	-1.10729	2.46772	4.49423	
4.5204	2.14793	-1.10743	2.46772	4.49423	
4.5204	2.14912	-1.10743	2.46777	4.49423	
4.5204	2.15049	-1.10743	2.46777	4.49423	
4.5204	2.15049	-1.10743	2.46777	4.49423	
4.5204	2.15366	-1.10743	2.46785	4.49423	
4.5204	2.15497	-1.10743	2.46783	4.49423	
4.5204	2.15628	-1.10743	2.46785	4.49423	
4.5204	2.15676	-1.10743	2.46792	4.49423	
4.5204	2.15676	-1.10743	2.46777	4.49423	
4.5204	2.15676	-1.10743	2.46708	4.49423	
4.5204	2.15676	-1.10747	2.46619	4.49423	
4.5204	2.15676	-1.10752	2.465	4.49423	
4.5204	2.15676	-1.10755	2.46385	4.49423	
4.5204	2.15678	-1.10757	2.46195	4.49423	
4.5204	2.15681	-1.10766	2.46	4.49423	
4.5204	2.15703	-1.10774	2.45956	4.49423	
4.5204	2.15769	-1.10795	2.45978	4.49423	
4.5204	2.15893	-1.1081	2.45987	4.49423	
4.5204	2.16056	-1.10837	2.45991	4.49423	
4.5204	2.16211	-1.10875	2.45996	4.49423	
4.5204	2.16386	-1.10903	2.45998	4.49423	
4.5204	2.16544	-1.10931	2.46002	4.49423	
4.5204	2.16678	-1.10941	2.46002	4.49423	
4.5204	2.16721	-1.10953	2.46009	4.49423	
4.5204	2.16721	-1.10955	2.46015	4.49423	
4.5204	2.16722	-1.11055	2.45989	4.49423	
4.5204	2.16722	-1.1117	2.45931	4.49423	
4.5204	2.16722	-1.113	2.45792	4.49423	
4.5204	2.16722	-1.11325	2.45659	4.49423	
4.5204	2.16724	-1.11327	2.45513	4.49423	
4.5204	2.16728	-1.11321	2.45398	4.49423	
4.5204	2.16737	-1.11319	2.45356	4.49423	
4.5204	2.1674	-1.11319	2.45343	4.49423	
4.5204	2.16748	-1.11316	2.45327	4.49423	
4.5204	2.16759	-1.11313	2.45296	4.49423	
4.5204	2.16781	-1.11307	2.45234	4.49423	
4.5204	2.16837	-1.11307	2.45228	4.49423	
4.5204	2.16926	-1.11303	2.45234	4.49423	
4.5204	2.17057	-1.11299	2.45234	4.49423	
4.5204	2.17197	-1.11294	2.45241	4.49423	
4.5204	2.17343	-1.11289	2.45243	4.49423	
4.5204	2.17485	-1.11288	2.45243	4.49423	
4.5204	2.17636	-1.11286	2.45246	4.49423	
4.5204	2.17733	-1.11266	2.4525	4.49423	
4.5204	2.17732	-1.11264	2.45243	4.49423	
4.5204	2.17732	-1.11264	2.45221	4.49423	
4.5204	2.1773	-1.11264	2.45184	4.49423	
4.5204	2.1773	-1.11264	2.45084	4.49423	
4.5204	2.1773	-1.11266	2.44863	4.49423	
4.5204	2.1773	-1.11266	2.44668	4.49423	
4.5204	2.1773	-1.11267	2.44527	4.49423	
4.5204	2.1773	-1.1127	2.4448	4.49423	
4.5204	2.1773	-1.1127	2.44491	4.49423	
4.5204	2.1773	-1.1127	2.44491	4.49423	
4.5204	2.17734	-1.1127	2.44493	4.49423	
4.5204	2.17739	-1.1127	2.44498	4.49423	
4.5204	2.17742	-1.11272	2.44498	4.49423	
4.5204	2.1775	-1.11274	2.44498	4.49423	
4.5204	2.17753	-1.11274	2.44496	4.49423	
4.5204	2.17759	-1.11274	2.44498	4.49423	
4.5204	2.17764	-1.11275	2.445	4.49423	
4.5204	2.17777	-1.11277	2.44498	4.49423	
4.5204	2.17812	-1.11278	2.445	4.49423	
4.5204	2.17874	-1.11281	2.44498	4.49423	
4.5204	2.17974	-1.11283	2.445	4.49423	
4.5204	2.18084	-1.11288	2.445	4.49423	
4.5204	2.18215	-1.11289	2.44502	4.49423	