4.52042	1.83675	-1.15562	2.83584	4.49423	
4.52042	1.83675	-1.15562	2.83584	4.49423	
4.52042	1.83675	-1.15562	2.83584	4.49423	
4.52042	1.83675	-1.15562	2.83584	4.49423	
4.52042	1.83675	-1.15562	2.83584	4.49423	
4.52042	1.83675	-1.15562	2.83584	4.49423	
4.52041	1.83674	-1.15562	2.83584	4.49423	
4.52042	1.83675	-1.15562	2.83584	4.49423	
4.52042	1.83681	-1.15565	2.8358	4.49423	
4.52043	1.83684	-1.15565	2.83564	4.49423	
4.52043	1.83679	-1.15563	2.83546	4.49423	
4.52043	1.83678	-1.15563	2.83531	4.49423	
4.52043	1.83677	-1.15563	2.83507	4.49423	
4.52043	1.83677	-1.15563	2.83507	4.49423	
4.52043	1.83678	-1.15563	2.83496	4.49423	
4.52043	1.83678	-1.15563	2.83484	4.49423	
4.52043	1.83677	-1.15563	2.83431	4.49423	
4.52043	1.83678	-1.15562	2.83411	4.49423	
4.52043	1.83678	-1.15562	2.83396	4.49423	
4.52043	1.83679	-1.15562	2.83383	4.49423	
4.52043	1.83679	-1.15562	2.83367	4.49423	
4.52043	1.83679	-1.15562	2.83347	4.49423	
4.52043	1.83679	-1.15562	2.83319	4.49423	
4.52043	1.83679	-1.15562	2.83296	4.49423	
4.52043	1.8368	-1.15562	2.83272	4.49423	
4.52043	1.8368	-1.1556	2.83265	4.49423	
4.52043	1.83681	-1.15559	2.83226	4.49423	
4.52043	1.83681	-1.15557	2.83217	4.49423	
4.52043	1.83681	-1.15556	2.83188	4.49423	
4.52043	1.83682	-1.15552	2.83157	4.49423	
4.52043	1.83683	-1.15551	2.8315	4.49423	
4.52043	1.83687	-1.15545	2.83119	4.49423	
4.52043	1.8369	-1.15541	2.83106	4.49423	
4.52043	1.83699	-1.15534	2.83077	4.49423	
4.52043	1.83703	-1.1553	2.83062	4.49423	
4.52043	1.83712	-1.15523	2.83024	4.49423	
4.52043	1.83712	-1.15523	2.83024	4.49423	
4.52043	1.83721	-1.15515	2.82989	4.49423	
4.52043	1.83727	-1.1551	2.82971	4.49423	
4.52043	1.83741	-1.15496	2.82934	4.49423	
4.52043	1.83746	-1.1549	2.82923	4.49423	
4.52043	1.83767	-1.15476	2.82883	4.49423	
4.52043	1.83789	-1.1546	2.8285	4.49423	
4.52043	1.83804	-1.1545	2.82825	4.49423	
4.52043	1.83812	-1.15443	2.82792	4.49423	
4.52043	1.83848	-1.1543	2.82752	4.49423	
4.52043	1.83886	-1.15414	2.82697	4.49423	
4.52043	1.83907	-1.15406	2.82664	4.49423	
4.52043	1.83929	-1.15399	2.82631	4.49423	
4.52043	1.83975	-1.15377	2.82569	4.49423	
4.52043	1.84001	-1.15366	2.82529	4.49423	
4.52043	1.84049	-1.1534	2.82445	4.49423	
4.52043	1.84073	-1.15326	2.824	4.49423	
4.52043	1.84107	-1.15306	2.82334	4.49423	
4.52043	1.84144	-1.15289	2.82257	4.49423	
4.52043	1.84179	-1.15271	2.82186	4.49423	
4.52043	1.84204	-1.15259	2.82139	4.49423	
4.52043	1.84253	-1.15235	2.82042	4.49423	
4.52043	1.84279	-1.15223	2.81987	4.49423	
4.52043	1.84327	-1.15199	2.81894	4.49423	
4.52043	1.84353	-1.15188	2.81854	4.49423	
4.52043	1.84384	-1.15179	2.81823	4.49423	
4.52043	1.84427	-1.1516	2.81748	4.49423	
4.52043	1.84481	-1.15146	2.81668	4.49423	
4.52043	1.84505	-1.15138	2.81626	4.49423	
4.52043	1.84554	-1.15125	2.81533	4.49423	
4.52043	1.84578	-1.15119	2.81489	4.49423	
4.52043	1.84601	-1.15111	2.81445	4.49423	
4.52043	1.84626	-1.15102	2.81398	4.49423	
4.52043	1.84672	-1.1508	2.81307	4.49423	
4.52043	1.84697	-1.15066	2.81261	4.49423	
4.52043	1.84744	-1.15039	2.81166	4.49423	
4.52043	1.84755	-1.15033	2.81142	4.49423	
4.52043	1.84798	-1.15004	2.81042	4.49423	
4.52043	1.8483	-1.14982	2.80969	4.49423	
4.52043	1.84854	-1.14968	2.8092	4.49423	
4.52043	1.84865	-1.14959	2.80874	4.49423	
4.52043	1.84887	-1.14941	2.80838	4.49423	
4.52043	1.84908	-1.14923	2.80803	4.49423	
4.52043	1.84953	-1.14863	2.80708	4.49423	
4.52043	1.84979	-1.14852	2.80648	4.49423	
4.52043	1.85025	-1.14824	2.80549	4.49423	
4.52043	1.85071	-1.14792	2.8046	4.49423	
4.52043	1.85096	-1.14784	2.80409	4.49423	
4.52043	1.85121	-1.14777	2.80363	4.49423	
4.52043	1.85147	-1.14769	2.80312	4.49423	
4.52043	1.852	-1.14745	2.8021	4.49423	
4.52043	1.85226	-1.14729	2.80159	4.49423	
4.52043	1.85265	-1.14703	2.80086	4.49423	
4.52043	1.85306	-1.14673	2.8	4.49423	
4.52043	1.85318	-1.1466	2.79984	4.49423	
4.52043	1.8535	-1.14638	2.79925	4.49423	
4.52043	1.85396	-1.14594	2.79841	4.49423	
4.52043	1.85421	-1.14568	2.79792	4.49423	
4.52043	1.85445	-1.14544	2.79748	4.49423	
4.52043	1.85472	-1.14522	2.79704	4.49423	
4.52043	1.85488	-1.14503	2.79661	4.49423	
4.52043	1.85512	-1.14483	2.79617	4.49423	
4.52043	1.85535	-1.14462	2.79575	4.49423	
4.52043	1.85558	-1.1445	2.79531	4.49423	
4.52043	1.85558	-1.1445	2.79531	4.49423	
4.52043	1.85584	-1.14437	2.79489	4.49423	
4.52043	1.85622	-1.14418	2.79414	4.49423	
4.52043	1.85672	-1.14403	2.79354	4.49423	
4.52043	1.85695	-1.1439	2.79307	4.49423	
4.52043	1.85744	-1.14362	2.79237	4.49423	
4.52043	1.85838	-1.14321	2.79088	4.49423	
4.52043	1.85861	-1.14307	2.7904	4.49423	
4.52043	1.85904	-1.14286	2.78976	4.49423	
4.52043	1.85932	-1.14272	2.78923	4.49423	
4.52043	1.85978	-1.1425	2.78843	4.49423	
4.52044	1.86048	-1.14209	2.78734	4.49423	
4.52044	1.86076	-1.14194	2.78701	4.49423	
4.52044	1.86089	-1.14184	2.78686	4.49423	
4.52044	1.86117	-1.14169	2.78657	4.49423	
4.52044	1.86147	-1.1415	2.78631	4.49423	
4.52044	1.86204	-1.14098	2.7858	4.49423	
4.52044	1.86232	-1.14079	2.78551	4.49423	
4.52044	1.86276	-1.14048	2.78504	4.49423	
4.52044	1.8632	-1.14018	2.78467	4.49423	
4.52044	1.86347	-1.13997	2.78427	4.49423	
4.52044	1.864	-1.13961	2.78365	4.49423	
4.52044	1.86426	-1.13947	2.7833	4.49423	
4.52044	1.86477	-1.13916	2.78257	4.49423	
4.52044	1.86504	-1.139	2.78215	4.49423	
4.52044	1.86559	-1.13867	2.78135	4.49423	
4.52044	1.86709	-1.13777	2.77914	4.49423	
4.52044	1.86709	-1.13777	2.77914	4.49423	
4.52044	1.86709	-1.13777	2.77914	4.49423	
4.52044	1.86791	-1.13721	2.77788	4.49423	
4.52044	1.86819	-1.13699	2.77746	4.49423	
4.52044	1.86819	-1.13699	2.77746	4.49423	
4.52044	1.86878	-1.13628	2.77653	4.49423	
4.52044	1.86949	-1.13553	2.77555	4.49423	
4.52044	1.86978	-1.13479	2.77504	4.49423	
4.52044	1.86997	-1.13429	2.77473	4.49423	
4.52044	1.87036	-1.13358	2.77405	4.49423	
4.52044	1.87045	-1.13344	2.77387	4.49423	
4.52044	1.87085	-1.13306	2.77314	4.49423	
4.52044	1.8711	-1.13292	2.77277	4.49423	
4.52044	1.87134	-1.13281	2.77239	4.49423	
4.52044	1.87159	-1.13281	2.77201	4.49423	
4.52044	1.87185	-1.13281	2.77161	4.49423	
4.52044	1.87212	-1.13278	2.77119	4.49423	
4.52044	1.87266	-1.13115	2.77038	4.49423	
4.52044	1.87294	-1.13039	2.76993	4.49423	
4.52044	1.87348	-1.12978	2.76887	4.49423	
4.52044	1.87376	-1.12951	2.7685	4.49423	
4.52044	1.87433	-1.1291	2.76748	4.49423	
4.52044	1.87456	-1.12899	2.76686	4.49423	
4.52044	1.87486	-1.12895	2.76628	4.49423	
4.52044	1.87521	-1.12895	2.76553	4.49423	
4.52044	1.87569	-1.12909	2.76491	4.49423	
4.52044	1.87609	-1.1292	2.76447	4.49423	
4.52044	1.87639	-1.12925	2.76423	4.49423	
4.52044	1.87699	-1.12906	2.76381	4.49423	
4.52044	1.87728	-1.12892	2.76365	4.49423	
4.52044	1.87728	-1.12892	2.76365	4.49423	
4.52044	1.87794	-1.12876	2.76327	4.49423	
4.52044	1.87852	-1.12857	2.76299	4.49423	
4.52044	1.8788	-1.12848	2.76288	4.49423	
4.52044	1.87928	-1.12841	2.76254	4.49423	
4.52045	1.87951	-1.12846	2.76239	4.49423	
4.52045	1.87995	-1.12857	2.76199	4.49423	
4.52045	1.88032	-1.12863	2.76157	4.49423	
4.52045	1.88061	-1.12866	2.76131	4.49423	
4.52045	1.88072	-1.12868	2.76119	4.49423	
4.52045	1.88105	-1.12865	2.76073	4.49423	
4.52045	1.88156	-1.12852	2.76011	4.49423	
4.52045	1.88156	-1.12852	2.76011	4.49423	
4.52045	1.88206	-1.12835	2.75945	4.49423	
4.52045	1.88266	-1.12808	2.75858	4.49423	
4.52045	1.88303	-1.128	2.75836	4.49423	
4.52045	1.88369	-1.12785	2.75704	4.49423	
4.52045	1.88397	-1.12783	2.75653	4.49423	
4.52045	1.88411	-1.12783	2.75626	4.49423	
4.52045	1.88458	-1.12783	2.75535	4.49423	
4.52045	1.88481	-1.12782	2.75473	4.49423	
4.52045	1.88528	-1.12793	2.75416	4.49423	
4.52045	1.8855	-1.12799	2.75381	4.49423	
4.52045	1.88573	-1.12797	2.75345	4.49423	
4.52045	1.88622	-1.12786	2.75279	4.49423	
4.52045	1.8865	-1.12777	2.75243	4.49423	
4.52045	1.88678	-1.12766	2.7521	4.49423	
4.52045	1.88737	-1.12739	2.75142	4.49423	
4.52045	1.88766	-1.12723	2.75106	4.49423	
4.52045	1.88818	-1.127	2.75057	4.49423	
4.52045	1.88905	-1.1267	2.74938	4.49423	
4.52045	1.8896	-1.12651	2.74832	4.49423	
4.52045	1.8896	-1.12651	2.74832	4.49423	
4.52045	1.89039	-1.12631	2.74684	4.49423	
4.52045	1.89039	-1.12631	2.74684	4.49423	
4.52045	1.89115	-1.12614	2.74531	4.49423	
4.52045	1.8917	-1.12566	2.7442	4.49423	
4.52045	1.89226	-1.12533	2.74323	4.49423	
4.52045	1.89253	-1.12516	2.74281	4.49423	
4.52045	1.89304	-1.12502	2.7421	4.49423	
4.52045	1.89304	-1.12502	2.7421	4.49423	
4.52045	1.89352	-1.12491	2.74153	4.49423	
4.52045	1.89392	-1.12491	2.74115	4.49423	
4.52045	1.8943	-1.12488	2.74073	4.49423	
4.52045	1.89468	-1.12471	2.7404	4.49423	
4.52045	1.89499	-1.12469	2.74002	4.49423	
4.52045	1.89525	-1.12474	2.73991	4.49423	
4.52045	1.89577	-1.12475	2.7394	4.49423	
4.52045	1.89604	-1.12471	2.73916	4.49423	
4.52045	1.89661	-1.12452	2.73861	4.49423	
4.52045	1.8972	-1.12428	2.73796	4.49423	
4.52045	1.89777	-1.12398	2.73728	4.49423	
4.52045	1.89818	-1.1237	2.73673	4.49423	
4.52045	1.899	-1.1231	2.73531	4.49423	
4.52045	1.89922	-1.12284	2.73482	4.49423	
4.52045	1.89972	-1.12252	2.73396	4.49423	
4.52045	1.9002	-1.12221	2.73305	4.49423	
4.52045	1.90059	-1.12194	2.73226	4.49423	
4.52045	1.90098	-1.12169	2.73144	4.49423	
4.52045	1.90138	-1.12149	2.73082	4.49423	
4.52045	1.9018	-1.12134	2.73035	4.49423	
4.52045	1.90201	-1.12128	2.73015	4.49423	
4.52045	1.90212	-1.12127	2.73007	4.49423	
4.52045	1.9029	-1.12114	2.72951	4.49423	
4.52045	1.90311	-1.12112	2.72938	4.49423	
4.52045	1.90343	-1.12106	2.72916	4.49423	
4.52045	1.90382	-1.12098	2.72878	4.49423	
4.52045	1.90419	-1.12089	2.72841	4.49423	
4.52045	1.90427	-1.12086	2.72832	4.49423	
4.52045	1.90477	-1.12067	2.72772	4.49423	
4.52045	1.90512	-1.12054	2.72732	4.49423	
4.52045	1.90542	-1.12048	2.72692	4.49423	
4.52045	1.90603	-1.12031	2.72606	4.49423	
4.52045	1.90662	-1.12023	2.7252	4.49423	
4.52045	1.90708	-1.12021	2.72449	4.49423	
4.52045	1.90772	-1.12021	2.72341	4.49423	
4.52045	1.90784	-1.12021	2.72319	4.49423	
4.52045	1.90838	-1.12023	2.72219	4.49423	
4.52045	1.90878	-1.12018	2.72153	4.49423	
4.52045	1.90899	-1.12013	2.72088	4.49423	
4.52045	1.90936	-1.12006	2.72075	4.49423	
4.52045	1.90976	-1.11995	2.72029	4.49423	
4.52045	1.90986	-1.1199	2.72015	4.49423	
4.52045	1.91023	-1.11976	2.71973	4.49423	
4.52045	1.91074	-1.11954	2.71909	4.49423	
4.52045	1.91084	-1.11951	2.71896	4.49423	
4.52045	1.91123	-1.1193	2.71852	4.49423	
4.52045	1.9116	-1.11913	2.71794	4.49423	
4.52045	1.91176	-1.11907	2.71772	4.49423	
4.52045	1.91186	-1.11902	2.71757	4.49423	
4.52045	1.91242	-1.11885	2.71664	4.49423	
4.52045	1.91255	-1.11882	2.71646	4.49423	
4.52045	1.91255	-1.11882	2.71646	4.49423	
4.52045	1.9134	-1.11864	2.71522	4.49423	
4.52045	1.91352	-1.11861	2.71502	4.49423	
4.52045	1.91401	-1.1185	2.71416	4.49423	
4.52045	1.91453	-1.11825	2.71336	4.49423	
4.52045	1.91475	-1.11811	2.71312	4.49423	
4.52045	1.91515	-1.11789	2.71232	4.49423	
4.52045	1.91569	-1.11761	2.71155	4.49423	
4.52045	1.91622	-1.11732	2.71086	4.49423	
4.52045	1.91669	-1.11701	2.71027	4.49423	
4.52045	1.91703	-1.11676	2.70984	4.49423	
4.52045	1.91753	-1.11651	2.70927	4.49423	
4.52045	1.91802	-1.11625	2.70878	4.49423	
4.52045	1.91826	-1.11613	2.70852	4.49423	
4.52045	1.91877	-1.11585	2.70803	4.49423	
4.52045	1.91921	-1.11553	2.70757	4.49423	
4.52045	1.91978	-1.11522	2.7071	4.49423	
4.52045	1.92029	-1.11492	2.70659	4.49423	
4.52045	1.92064	-1.11473	2.70622	4.49423	
4.52045	1.92151	-1.11431	2.70518	4.49423	
4.52045	1.92188	-1.11417	2.70458	4.49423	
4.52045	1.92214	-1.11409	2.70429	4.49423	
4.52045	1.92265	-1.11395	2.70343	4.49423	
4.52045	1.92322	-1.11382	2.70259	4.49423	
4.52045	1.92371	-1.11374	2.70175	4.49423	
4.52045	1.92414	-1.11368	2.70091	4.49423	
4.52045	1.92458	-1.11365	2.70009	4.49423	
4.52045	1.92486	-1.11365	2.69949	4.49423	
4.52045	1.9251	-1.11365	2.69903	4.49423	
4.52045	1.9255	-1.11362	2.6985	4.49423	
4.52045	1.92592	-1.11358	2.69799	4.49423	
4.52045	1.92601	-1.11357	2.69781	4.49423	
4.52045	1.92645	-1.11351	2.6973	4.49423	
4.52045	1.92672	-1.11349	2.69699	4.49423	
4.52045	1.92717	-1.11343	2.69661	4.49423	
4.52045	1.92764	-1.11336	2.69611	4.49423	
4.52045	1.92811	-1.11327	2.69562	4.49423	
4.52045	1.92861	-1.11319	2.69507	4.49423	
4.52045	1.9291	-1.1131	2.69449	4.49423	
4.52045	1.92974	-1.11296	2.69352	4.49423	
4.52045	1.93045	-1.1128	2.69232	4.49423	
4.52045	1.9309	-1.1127	2.69144	4.49423	
4.52045	1.93159	-1.11261	2.68998	4.49423	
4.52045	1.93203	-1.11256	2.68905	4.49423	
4.52045	1.9325	-1.11255	2.68825	4.49423	
4.52045	1.93296	-1.11255	2.68763	4.49423	
4.52045	1.9333	-1.11255	2.68721	4.49423	
4.52045	1.93353	-1.11255	2.68699	4.49423	
4.52045	1.9342	-1.11253	2.68639	4.49423	
4.52045	1.93471	-1.11252	2.68604	4.49423	
4.52045	1.93488	-1.1125	2.68588	4.49423	
4.52045	1.93533	-1.11249	2.68557	4.49423	
4.52045	1.93573	-1.11247	2.68529	4.49423	
4.52045	1.93602	-1.11245	2.68504	4.49423	
4.52045	1.93643	-1.11242	2.68469	4.49423	
4.52045	1.9368	-1.11241	2.68427	4.49423	
4.52045	1.93716	-1.11241	2.68376	4.49423	
4.52045	1.93755	-1.11241	2.68327	4.49423	
4.52045	1.93793	-1.11239	2.6827	4.49423	
4.52045	1.93831	-1.11238	2.68206	4.49423	
4.52045	1.93867	-1.11236	2.68137	4.49423	
4.52045	1.93867	-1.11236	2.68137	4.49423	
4.52045	1.93937	-1.1123	2.67998	4.49423	
4.52045	1.93987	-1.11222	2.67916	4.49423	
4.52045	1.94023	-1.11214	2.67854	4.49423	
4.52045	1.94066	-1.11195	2.67772	4.49423	
4.52045	1.94066	-1.11195	2.67772	4.49423	
4.52045	1.94107	-1.11175	2.67701	4.49423	
4.52045	1.94129	-1.11162	2.67668	4.49423	
4.52045	1.94192	-1.11118	2.67588	4.49423	
4.52045	1.94213	-1.11104	2.67564	4.49423	
4.52045	1.94253	-1.11074	2.67515	4.49423	
4.52045	1.94274	-1.11058	2.67478	4.49423	
4.52045	1.94319	-1.11029	2.67434	4.49423	
4.52045	1.94347	-1.11013	2.67407	4.49423	
4.52045	1.94383	-1.10989	2.67369	4.49423	
4.52045	1.94431	-1.10955	2.67312	4.49423	
4.52045	1.94479	-1.10906	2.67257	4.49423	
4.52045	1.945	-1.10884	2.67221	4.49423	
4.52045	1.94523	-1.10862	2.6719	4.49423	
4.52045	1.9457	-1.10815	2.67119	4.49423	
4.52045	1.94618	-1.10771	2.6704	4.49423	
4.52045	1.94642	-1.10751	2.66998	4.49423	
4.52045	1.94666	-1.10732	2.66956	4.49423	
4.52045	1.94719	-1.107	2.66858	4.49423	
4.52045	1.94774	-1.10677	2.6679	4.49423	
4.52045	1.94808	-1.10661	2.66743	4.49423	
4.52045	1.94821	-1.10655	2.6673	4.49423	
4.52045	1.94869	-1.10641	2.6669	4.49423	
4.52045	1.94869	-1.10641	2.6669	4.49423	
4.52045	1.9492	-1.10625	2.66648	4.49423	
4.52045	1.94934	-1.10622	2.66639	4.49423	
4.52045	1.94969	-1.10615	2.66615	4.49423	
4.52045	1.94969	-1.10615	2.66615	4.49423	
4.52045	1.9499	-1.10612	2.66602	4.49423	
4.52045	1.95074	-1.10595	2.66551	4.49423	
4.52045	1.95158	-1.10579	2.665	4.49423	
4.52045	1.95216	-1.10573	2.66465	4.49423	
4.52045	1.95231	-1.10573	2.66456	4.49423	
4.52045	1.95261	-1.10575	2.66438	4.49423	
4.52045	1.95376	-1.10571	2.66363	4.49423	
4.52045	1.95435	-1.10571	2.66323	4.49423	
4.52045	1.95495	-1.10571	2.66288	4.49423	
4.52045	1.95523	-1.10571	2.66268	4.49423	
4.52045	1.95575	-1.1057	2.66226	4.49423	
4.52045	1.95623	-1.10567	2.66179	4.49423	
4.52045	1.95674	-1.10562	2.66128	4.49423	
4.52045	1.957	-1.10559	2.66102	4.49423	
4.52045	1.95725	-1.10557	2.66071	4.49423	
4.52045	1.95765	-1.10553	2.66015	4.49423	
4.52045	1.9584	-1.10543	2.65911	4.49423	
4.52045	1.95867	-1.1054	2.65874	4.49423	
4.52045	1.95894	-1.10537	2.65832	4.49423	
4.52045	1.95933	-1.10529	2.65768	4.49423	
4.52045	1.95981	-1.1052	2.65688	4.49423	
4.52045	1.96005	-1.10515	2.65648	4.49423	
4.52045	1.96057	-1.10507	2.65566	4.49423	
4.52045	1.96094	-1.10501	2.65513	4.49423	
4.52045	1.96132	-1.10493	2.65467	4.49423	
4.52045	1.9617	-1.1048	2.65425	4.49423	
4.52045	1.96236	-1.10473	2.65354	4.49423	
4.52045	1.96276	-1.10473	2.65312	4.49423	
4.52045	1.96324	-1.10474	2.6527	4.49423	
4.52045	1.96352	-1.10474	2.65234	4.49423	
4.52045	1.96394	-1.10476	2.65199	4.49423	
4.52045	1.96421	-1.10474	2.65164	4.49423	
4.52045	1.96473	-1.10458	2.65102	4.49423	
4.52045	1.96522	-1.10446	2.65042	4.49423	
4.52045	1.96548	-1.10441	2.65009	4.49423	
4.52045	1.966	-1.1043	2.64938	4.49423	
4.52045	1.966	-1.1043	2.64938	4.49423	
4.52045	1.9666	-1.10425	2.64852	4.49423	
4.52045	1.96686	-1.10424	2.6481	4.49423	
4.52045	1.96715	-1.10421	2.64768	4.49423	
4.52045	1.96768	-1.10411	2.64675	4.49423	
4.52045	1.96812	-1.10407	2.64608	4.49423	
4.52045	1.96842	-1.10405	2.6456	4.49423	
4.52045	1.969	-1.10399	2.64473	4.49423	
4.52045	1.96959	-1.10386	2.64389	4.49423	
4.52045	1.96987	-1.10378	2.6435	4.49423	
4.52045	1.97045	-1.10361	2.64272	4.49423	
4.52045	1.97109	-1.10345	2.64184	4.49423	
4.52045	1.97156	-1.10334	2.64115	4.49423	
4.52045	1.97181	-1.1033	2.64088	4.49423	
4.52045	1.97241	-1.10323	2.64029	4.49423	
4.52045	1.97297	-1.10317	2.63969	4.49423	
4.52045	1.97345	-1.10314	2.63914	4.49423	
4.52045	1.97366	-1.10314	2.63889	4.49423	
4.52045	1.97426	-1.10314	2.63814	4.49423	
4.52045	1.97453	-1.10314	2.63779	4.49423	
4.52045	1.975	-1.10312	2.63719	4.49423	
4.52045	1.97534	-1.10312	2.63664	4.49423	
4.52045	1.97579	-1.10309	2.63604	4.49423	
4.52045	1.9763	-1.10304	2.63529	4.49423	
4.52045	1.97642	-1.10303	2.63509	4.49423	
4.52045	1.97716	-1.10292	2.63385	4.49423	
4.52045	1.97729	-1.10289	2.63365	4.49423	
4.52045	1.97807	-1.10268	2.63268	4.49423	
4.52045	1.97822	-1.10265	2.63246	4.49423	
4.52045	1.97864	-1.10253	2.63181	4.49423	
4.52045	1.97923	-1.10232	2.63117	4.49423	
4.52045	1.97953	-1.10223	2.63051	4.49423	
4.52045	1.98016	-1.10207	2.63002	4.49423	
4.52045	1.98044	-1.10202	2.62969	4.49423	
4.52045	1.98106	-1.10193	2.62894	4.49423	
4.52045	1.98152	-1.10187	2.62825	4.49423	
4.52045	1.98213	-1.10182	2.62759	4.49423	
4.52045	1.98269	-1.10174	2.6269	4.49423	
4.52045	1.98297	-1.10171	2.62655	4.49423	
4.52045	1.98353	-1.10158	2.62586	4.49423	
4.52045	1.9838	-1.10151	2.62551	4.49423	
4.52045	1.98407	-1.10141	2.62513	4.49423	
4.52045	1.98443	-1.10125	2.62445	4.49423	
4.52045	1.9848	-1.10107	2.62387	4.49423	
4.52045	1.98517	-1.10089	2.6233	4.49423	
4.52045	1.98543	-1.10078	2.62292	4.49423	
4.52045	1.986	-1.10052	2.62217	4.49423	
4.52045	1.98627	-1.10042	2.62179	4.49423	
4.52045	1.9868	-1.10023	2.62111	4.49423	
4.52045	1.98707	-1.10012	2.6208	4.49423	
4.52045	1.98765	-1.09992	2.62018	4.49423	
4.52045	1.98798	-1.09981	2.61991	4.49423	
4.52045	1.98857	-1.09965	2.61934	4.49423	
4.52045	1.98888	-1.09959	2.61903	4.49423	
4.52045	1.98946	-1.09949	2.61852	4.49423	
4.52045	1.98992	-1.09945	2.61821	4.49423	
4.52045	1.99035	-1.09943	2.61777	4.49423	
4.52045	1.99082	-1.09945	2.61737	4.49423	
4.52045	1.99082	-1.09945	2.61737	4.49423	
4.52045	1.99133	-1.09945	2.61684	4.49423	
4.52045	1.99184	-1.09942	2.61624	4.49423	
4.52045	1.9921	-1.09938	2.61593	4.49423	
4.52045	1.99264	-1.09923	2.61531	4.49423	
4.52045	1.99293	-1.0992	2.615	4.49423	
4.52045	1.99348	-1.09913	2.61431	4.49423	
4.52045	1.99377	-1.09909	2.61396	4.49423	
4.52045	1.99435	-1.09902	2.61327	4.49423	
4.52045	1.99479	-1.09899	2.61263	4.49423	
4.52045	1.99526	-1.09896	2.61215	4.49423	
4.52045	1.99607	-1.09891	2.61122	4.49423	
4.52045	1.99628	-1.0989	2.61091	4.49423	
4.52045	1.99709	-1.09883	2.6102	4.49423	
4.52045	1.99753	-1.09879	2.60973	4.49423	
4.52045	1.99804	-1.09871	2.6092	4.49423	
4.52045	1.99863	-1.09861	2.60869	4.49423	
4.52045	1.99925	-1.09852	2.60814	4.49423	
4.52045	1.99951	-1.09849	2.60799	4.49423	
4.52045	1.99977	-1.09846	2.60774	4.49423	
4.52045	2.00017	-1.09843	2.60732	4.49423	
4.52045	2.00067	-1.09844	2.60679	4.49423	
4.52045	2.00093	-1.09844	2.60655	4.49423	
4.52045	2.00118	-1.09844	2.60628	4.49423	
4.52045	2.0017	-1.09844	2.60573	4.49423	
4.52045	2.00204	-1.09844	2.60546	4.49423	
4.52045	2.00231	-1.09844	2.60515	4.49423	
4.52045	2.00247	-1.09844	2.60498	4.49423	
4.52045	2.00314	-1.09844	2.60423	4.49423	
4.52045	2.00344	-1.09843	2.60389	4.49423	
4.52045	2.00408	-1.0984	2.60319	4.49423	
4.52045	2.00441	-1.0984	2.60283	4.49423	
4.52045	2.00504	-1.09838	2.60206	4.49423	
4.52045	2.00533	-1.09838	2.60168	4.49423	
4.52045	2.00615	-1.09838	2.60053	4.49423	
4.52045	2.0065	-1.09838	2.60018	4.49423	
4.52045	2.00676	-1.09838	2.59958	4.49423	
4.52045	2.0072	-1.09838	2.59929	4.49423	
4.52045	2.0075	-1.09838	2.59887	4.49423	
4.52045	2.00809	-1.09838	2.59852	4.49423	
4.52045	2.00874	-1.09838	2.59803	4.49423	
4.52045	2.00908	-1.09838	2.59781	4.49423	
4.52045	2.00973	-1.09838	2.59741	4.49423	
4.52045	2.01037	-1.09838	2.59701	4.49423	
4.52045	2.01069	-1.09838	2.59684	4.49423	
4.52045	2.01128	-1.09838	2.59642	4.49423	
4.52045	2.01157	-1.09838	2.59611	4.49423	
4.52045	2.01214	-1.09838	2.5956	4.49423	
4.52045	2.01251	-1.09838	2.59531	4.49423	
4.52045	2.01298	-1.09838	2.59489	4.49423	
4.52045	2.01359	-1.09836	2.59427	4.49423	
4.52045	2.01389	-1.09836	2.59394	4.49423	
4.52045	2.01451	-1.09836	2.59323	4.49423	
4.52045	2.01482	-1.09836	2.59285	4.49423	
4.52045	2.01543	-1.09836	2.59212	4.49423	
4.52045	2.01573	-1.09835	2.59175	4.49423	
4.52045	2.01621	-1.09835	2.59111	4.49423	
4.52045	2.01674	-1.09835	2.59018	4.49423	
4.52045	2.01701	-1.09835	2.59	4.49423	
4.52045	2.01744	-1.09835	2.5896	4.49423	
4.52045	2.01759	-1.09835	2.58947	4.49423	
4.52045	2.01817	-1.09835	2.589	4.49423	
4.52045	2.01846	-1.09835	2.58883	4.49423	
4.52045	2.01878	-1.09835	2.58863	4.49423	
4.52045	2.0194	-1.09835	2.58823	4.49423	
4.52045	2.02	-1.09835	2.58785	4.49423	
4.52045	2.02059	-1.09835	2.58743	4.49423	
4.52045	2.02112	-1.09835	2.58717	4.49423	
4.52045	2.02146	-1.09835	2.58686	4.49423	
4.52045	2.02176	-1.09835	2.58661	4.49423	
4.52045	2.02211	-1.09835	2.58628	4.49423	
4.52045	2.02237	-1.09835	2.58611	4.49423	
4.52045	2.02271	-1.09835	2.58577	4.49423	
4.52045	2.02313	-1.09835	2.58542	4.49423	
4.52045	2.02351	-1.09835	2.58518	4.49423	
4.52045	2.02374	-1.09835	2.58489	4.49423	
4.52045	2.02439	-1.09835	2.5844	4.49423	
4.52045	2.02489	-1.09835	2.58403	4.49423	
4.52045	2.02523	-1.09835	2.58369	4.49423	
4.52045	2.02578	-1.09835	2.58316	4.49423	
4.52045	2.02632	-1.09835	2.58274	4.49423	
4.52045	2.02682	-1.09835	2.58217	4.49423	
4.52045	2.02751	-1.09835	2.58135	4.49423	
4.52045	2.02819	-1.09835	2.58049	4.49423	
4.52045	2.0288	-1.09833	2.5796	4.49423	
4.52045	2.02912	-1.09833	2.57916	4.49423	
4.52045	2.02969	-1.0983	2.57843	4.49423	
4.52045	2.03011	-1.09829	2.5779	4.49423	
4.52045	2.03047	-1.09827	2.57761	4.49423	
4.52045	2.03096	-1.09827	2.57712	4.49423	
4.52045	2.03122	-1.09827	2.5769	4.49423	
4.52045	2.03149	-1.09827	2.57668	4.49423	
4.52045	2.0321	-1.09827	2.57626	4.49423	
4.52045	2.0321	-1.09827	2.57626	4.49423	
4.52045	2.03295	-1.09827	2.57564	4.49423	
4.52045	2.03324	-1.09827	2.5754	4.49423	
4.52045	2.03385	-1.09827	2.57502	4.49423	
4.52045	2.03416	-1.09827	2.57482	4.49423	
4.52045	2.03485	-1.09829	2.57445	4.49423	
4.52045	2.03554	-1.09829	2.57396	4.49423	
4.52045	2.03617	-1.09827	2.5735	4.49423	
4.52045	2.03635	-1.09827	2.57336	4.49423	
4.52045	2.03689	-1.09827	2.57254	4.49423	
4.52045	2.03689	-1.09827	2.57254	4.49423	
4.52045	2.0375	-1.09827	2.57201	4.49423	
4.52045	2.038	-1.09827	2.57124	4.49423	
4.52045	2.03829	-1.09827	2.57095	4.49423	
4.52045	2.03886	-1.09827	2.57018	4.49423	
4.52045	2.03931	-1.09827	2.56965	4.49423	
4.52045	2.03947	-1.09827	2.56949	4.49423	
4.52045	2.04012	-1.09827	2.56898	4.49423	
4.52045	2.04062	-1.09827	2.56861	4.49423	
4.52045	2.04109	-1.09827	2.56834	4.49423	
4.52045	2.04141	-1.09827	2.56816	4.49423	
4.52045	2.04208	-1.09827	2.56779	4.49423	
4.52045	2.04271	-1.09827	2.56743	4.49423	
4.52045	2.04334	-1.09827	2.56704	4.49423	
4.52045	2.04367	-1.09827	2.56681	4.49423	
4.52045	2.04399	-1.09827	2.56657	4.49423	
4.52045	2.04461	-1.09827	2.56604	4.49423	
4.52045	2.04508	-1.09827	2.56558	4.49423	
4.52045	2.04569	-1.09827	2.56507	4.49423	
4.52045	2.04627	-1.09827	2.56449	4.49423	
4.52045	2.04697	-1.09827	2.56383	4.49423	
4.52045	2.04726	-1.09827	2.56354	4.49423	
4.52045	2.04777	-1.09827	2.56303	4.49423	
4.52045	2.04837	-1.09827	2.56243	4.49423	
4.52045	2.04908	-1.09827	2.56168	4.49423	
4.52045	2.04937	-1.09827	2.56137	4.49423	
4.52045	2.04979	-1.09827	2.56086	4.49423	
4.52045	2.05008	-1.09827	2.56051	4.49423	
4.52045	2.05079	-1.09827	2.55949	4.49423	
4.52045	2.05107	-1.09827	2.55907	4.49423	
4.52045	2.05147	-1.09827	2.55854	4.49423	
4.52045	2.05197	-1.09827	2.55779	4.49423	
4.52045	2.05233	-1.09827	2.55726	4.49423	
4.52045	2.05233	-1.09827	2.55726	4.49423	
4.52045	2.05324	-1.09827	2.55619	4.49423	
4.52045	2.05417	-1.09827	2.55507	4.49423	
4.52045	2.05441	-1.09827	2.55484	4.49423	
4.52045	2.05505	-1.09827	2.55427	4.49423	
4.52045	2.05536	-1.09827	2.55398	4.49423	
4.52045	2.05595	-1.09827	2.55345	4.49423	
4.52045	2.05652	-1.09829	2.55299	4.49423	
4.52045	2.05688	-1.09829	2.55277	4.49423	
4.52045	2.05744	-1.09829	2.5523	4.49423	
4.52045	2.05773	-1.09829	2.55208	4.49423	
4.52045	2.0583	-1.09829	2.55161	4.49423	
4.52045	2.05888	-1.09829	2.55113	4.49423	
4.52045	2.0593	-1.09829	2.55071	4.49423	
4.52045	2.05959	-1.09829	2.55044	4.49423	
4.52045	2.06015	-1.09829	2.54982	4.49423	
4.52045	2.06065	-1.09829	2.54918	4.49423	
4.52045	2.06118	-1.09829	2.54869	4.49423	
4.52045	2.06163	-1.09829	2.54808	4.49423	
4.52045	2.06208	-1.09829	2.54752	4.49423	
4.52045	2.06253	-1.09829	2.54708	4.49423	
4.52045	2.06299	-1.09829	2.54648	4.49423	
4.52045	2.0633	-1.09829	2.54611	4.49423	
4.52045	2.0633	-1.09829	2.54611	4.49423	
4.52045	2.06441	-1.09829	2.54482	4.49423	
4.52045	2.06471	-1.09829	2.54449	4.49423	
4.52045	2.065	-1.09829	2.54414	4.49423	
4.52045	2.06563	-1.09829	2.5435	4.49423	
4.52045	2.06597	-1.09829	2.54316	4.49423	
4.52045	2.06654	-1.09829	2.54257	4.49423	
4.52045	2.06683	-1.09829	2.54228	4.49423	
4.52045	2.06711	-1.09829	2.54199	4.49423	
4.52045	2.06768	-1.09829	2.54137	4.49423	
4.52045	2.06783	-1.09829	2.54124	4.49423	
4.52045	2.06844	-1.09829	2.54073	4.49423	
4.52045	2.06905	-1.0983	2.54018	4.49423	
4.52045	2.06936	-1.0983	2.53989	4.49423	
4.52045	2.06999	-1.0983	2.53931	4.49423	
4.52045	2.07061	-1.0983	2.53869	4.49423	
4.52045	2.07092	-1.0983	2.53845	4.49423	
4.52045	2.0715	-1.0983	2.53779	4.49423	
4.52045	2.07198	-1.09832	2.5371	4.49423	
4.52045	2.0724	-1.0983	2.53626	4.49423	
4.52045	2.07312	-1.09832	2.53558	4.49423	
4.52045	2.07342	-1.09832	2.53518	4.49423	
4.52045	2.07406	-1.09832	2.53451	4.49423	
4.52045	2.07462	-1.09832	2.53376	4.49423	
4.52045	2.07527	-1.09832	2.5331	4.49423	
4.52045	2.07561	-1.09832	2.53281	4.49423	
4.52045	2.07622	-1.09832	2.53237	4.49423	
4.52045	2.0765	-1.09832	2.53219	4.49423	
4.52045	2.07705	-1.09833	2.53186	4.49423	
4.52045	2.07732	-1.09833	2.53168	4.49423	
4.52045	2.07772	-1.09833	2.53144	4.49423	
4.52045	2.07772	-1.09833	2.53144	4.49423	
4.52045	2.07844	-1.09833	2.53104	4.49423	
4.52045	2.07889	-1.09833	2.5308	4.49423	
4.52045	2.07889	-1.09833	2.5308	4.49423	
4.52045	2.07953	-1.09833	2.53046	4.49423	
4.52045	2.08012	-1.09833	2.5302	4.49423	
4.52045	2.08046	-1.09833	2.53004	4.49423	
4.52045	2.08116	-1.09835	2.52969	4.49423	
4.52045	2.08153	-1.09835	2.52951	4.49423	
4.52045	2.08186	-1.09836	2.52931	4.49423	
4.52045	2.08245	-1.09836	2.52889	4.49423	
4.52045	2.08312	-1.09836	2.52843	4.49423	
4.52045	2.08381	-1.09836	2.5279	4.49423	
4.52045	2.08415	-1.09836	2.52759	4.49423	
4.52045	2.08481	-1.09836	2.52695	4.49423	
4.52045	2.08547	-1.09836	2.52624	4.49423	
4.52045	2.08613	-1.09836	2.52549	4.49423	
4.52045	2.08638	-1.09836	2.52511	4.49423	
4.52045	2.087	-1.09836	2.52436	4.49423	
4.52045	2.08732	-1.09836	2.52403	4.49423	
4.52045	2.08763	-1.09836	2.52374	4.49423	
4.52045	2.08825	-1.09838	2.52325	4.49423	
4.52045	2.08885	-1.09838	2.52288	4.49423	
4.52045	2.0893	-1.09838	2.52263	4.49423	
4.52045	2.0899	-1.0984	2.5223	4.49423	
4.52045	2.09029	-1.0984	2.5221	4.49423	
4.52045	2.09052	-1.0984	2.52197	4.49423	
4.52045	2.09052	-1.0984	2.52197	4.49423	
4.52045	2.09136	-1.0984	2.5215	4.49423	
4.52045	2.09213	-1.09841	2.521	4.49423	
4.52045	2.09286	-1.09843	2.5206	4.49423	
4.52045	2.09311	-1.09844	2.5204	4.49423	
4.52045	2.09335	-1.09844	2.52029	4.49423	
4.52045	2.09419	-1.09847	2.51958	4.49423	
4.52045	2.09518	-1.09847	2.51894	4.49423	
4.52045	2.09575	-1.09847	2.51854	4.49423	
4.52045	2.09627	-1.09847	2.51805	4.49423	
4.52045	2.09682	-1.09847	2.51759	4.49423	
4.52045	2.09734	-1.09847	2.51708	4.49423	
4.52045	2.09789	-1.09847	2.5165	4.49423	
4.52045	2.09817	-1.09847	2.51624	4.49423	
4.52045	2.09903	-1.09847	2.51535	4.49423	
4.52045	2.09903	-1.09847	2.51535	4.49423	
4.52045	2.0998	-1.09847	2.51442	4.49423	
4.52045	2.10064	-1.09849	2.51334	4.49423	
4.52045	2.10093	-1.09849	2.51292	4.49423	
4.52045	2.10157	-1.09849	2.51217	4.49423	
4.52045	2.10217	-1.09849	2.5115	4.49423	
4.52045	2.1027	-1.09849	2.51088	4.49423	
4.52045	2.10333	-1.0985	2.51029	4.49423	
4.52045	2.10386	-1.0985	2.50984	4.49423	
4.52045	2.10417	-1.0985	2.50956	4.49423	
4.52045	2.10446	-1.09852	2.50931	4.49423	
4.52045	2.10503	-1.09854	2.50881	4.49423	
4.52045	2.10555	-1.09855	2.50834	4.49423	
4.52045	2.1061	-1.09858	2.50788	4.49423	
4.52045	2.10639	-1.0986	2.50763	4.49423	
4.52045	2.10696	-1.09863	2.50717	4.49423	
4.52045	2.10754	-1.09865	2.50659	4.49423	
4.52045	2.108	-1.09865	2.50619	4.49423	
4.52045	2.10847	-1.09865	2.50573	4.49423	
4.52045	2.10912	-1.09865	2.50513	4.49423	
4.52045	2.10948	-1.09865	2.50467	4.49423	
4.52045	2.11017	-1.09865	2.50398	4.49423	
4.52045	2.11082	-1.09865	2.50325	4.49423	
4.52045	2.11144	-1.09865	2.50254	4.49423	
4.52045	2.11205	-1.09865	2.50181	4.49423	
4.52045	2.11235	-1.09865	2.50148	4.49423	
4.52045	2.11295	-1.09866	2.50093	4.49423	
4.52045	2.11325	-1.09866	2.50066	4.49423	
4.52045	2.11382	-1.09866	2.5002	4.49423	
4.52045	2.11425	-1.09868	2.49998	4.49423	
4.52045	2.11447	-1.09868	2.4998	4.49423	
4.52045	2.11542	-1.09872	2.49934	4.49423	
4.52045	2.11602	-1.09877	2.49903	4.49423	
4.52045	2.11624	-1.0988	2.49887	4.49423	
4.52045	2.11679	-1.09885	2.49861	4.49423	
4.52045	2.11705	-1.09888	2.49847	4.49423	
4.52045	2.11757	-1.09898	2.49816	4.49423	
4.52045	2.1181	-1.09905	2.49785	4.49423	
4.52045	2.11835	-1.0991	2.49772	4.49423	
4.52045	2.11889	-1.0992	2.49743	4.49423	
4.52045	2.1192	-1.09923	2.4973	4.49423	
4.52045	2.11977	-1.09929	2.49695	4.49423	
4.52045	2.12021	-1.09935	2.49666	4.49423	
4.52045	2.12066	-1.09943	2.4965	4.49423	
4.52045	2.12111	-1.09951	2.49624	4.49423	
4.52045	2.12155	-1.09959	2.49597	4.49423	
4.52045	2.12184	-1.09964	2.49582	4.49423	
4.52045	2.12199	-1.09967	2.49573	4.49423	
4.52045	2.12253	-1.09976	2.49529	4.49423	
4.52045	2.12313	-1.09984	2.49484	4.49423	
4.52045	2.12379	-1.09987	2.49429	4.49423	
4.52045	2.12443	-1.09987	2.49369	4.49423	
4.52045	2.12473	-1.09987	2.49336	4.49423	
4.52045	2.12532	-1.09987	2.49265	4.49423	
4.52045	2.12588	-1.09987	2.49192	4.49423	
4.52045	2.12615	-1.09987	2.49153	4.49423	
4.52045	2.12674	-1.09997	2.49077	4.49423	
4.52045	2.12701	-1.1	2.49042	4.49423	
4.52045	2.1276	-1.10004	2.48969	4.49423	
4.52045	2.12806	-1.10006	2.48918	4.49423	
4.52045	2.12806	-1.10006	2.48918	4.49423	
4.52045	2.12866	-1.10011	2.48867	4.49423	
4.52045	2.12899	-1.10012	2.48847	4.49423	
4.52045	2.12955	-1.10015	2.48812	4.49423	
4.52045	2.13012	-1.10022	2.48781	4.49423	
4.52045	2.13053	-1.10028	2.4875	4.49423	
4.52045	2.13088	-1.10031	2.48732	4.49423	
4.52045	2.13122	-1.10037	2.48712	4.49423	
4.52045	2.13185	-1.1005	2.48668	4.49423	
4.52045	2.13246	-1.10074	2.48628	4.49423	
4.52045	2.13311	-1.10097	2.48588	4.49423	
4.52045	2.13346	-1.10108	2.48569	4.49423	
4.52045	2.13418	-1.10132	2.48529	4.49423	
4.52045	2.13449	-1.10141	2.48511	4.49423	
4.52045	2.13498	-1.10155	2.48476	4.49423	
4.52045	2.13577	-1.10173	2.48423	4.49423	
4.52045	2.13628	-1.10182	2.48378	4.49423	
4.52045	2.13628	-1.10182	2.48378	4.49423	
4.52045	2.13696	-1.10191	2.48323	4.49423	
4.52045	2.1376	-1.10202	2.48263	4.49423	
4.52045	2.13791	-1.1021	2.48232	4.49423	
4.52045	2.13823	-1.10224	2.48199	4.49423	
4.52045	2.13882	-1.1024	2.48131	4.49423	
4.52045	2.13914	-1.10246	2.48088	4.49423	
4.52045	2.13982	-1.10259	2.48024	4.49423	
4.52045	2.14016	-1.10265	2.47991	4.49423	
4.52045	2.14051	-1.10271	2.47956	4.49423	
4.52045	2.14121	-1.10281	2.47894	4.49423	
4.52045	2.14192	-1.10295	2.47836	4.49423	
4.52045	2.14262	-1.10314	2.47785	4.49423	
4.52045	2.14297	-1.10323	2.47761	4.49423	
4.52045	2.14369	-1.10348	2.47715	4.49423	
4.52045	2.14404	-1.10361	2.47695	4.49423	
4.52045	2.14437	-1.10377	2.4767	4.49423	
4.52045	2.14498	-1.10408	2.47628	4.49423	
4.52045	2.14548	-1.10432	2.47595	4.49423	
4.52045	2.14598	-1.10455	2.47564	4.49423	
4.52045	2.1463	-1.1049	2.47527	4.49423	
4.52045	2.14683	-1.10499	2.47518	4.49423	
4.52045	2.14751	-1.10532	2.47471	4.49423	
4.52045	2.14792	-1.1055	2.47451	4.49423	
4.52045	2.14861	-1.10578	2.47407	4.49423	
4.52045	2.14915	-1.10597	2.47358	4.49423	
4.52045	2.14956	-1.10609	2.4735	4.49423	
4.52045	2.15025	-1.10631	2.47303	4.49423	
4.52045	2.15025	-1.10631	2.47303	4.49423	
4.52045	2.15127	-1.10656	2.47217	4.49423	
4.52045	2.15195	-1.10663	2.47159	4.49423	
4.52045	2.15209	-1.10663	2.47144	4.49423	
4.52045	2.15302	-1.10694	2.47049	4.49423	
4.52045	2.15354	-1.10703	2.46993	4.49423	
4.52045	2.15388	-1.1071	2.46947	4.49423	
4.52045	2.15456	-1.10727	2.46869	4.49423	
4.52045	2.15524	-1.10741	2.46808	4.49423	
4.52045	2.1563	-1.10758	2.4673	4.49423	
4.52045	2.15689	-1.10766	2.46688	4.49423	
4.52045	2.15718	-1.10768	2.46666	4.49423	
4.52045	2.15773	-1.10769	2.46635	4.49423	
4.52045	2.15846	-1.10768	2.46588	4.49423	
4.52045	2.15922	-1.10769	2.46542	4.49423	
4.52045	2.15964	-1.10771	2.46515	4.49423	
4.52045	2.16039	-1.1078	2.46476	4.49423	
4.52045	2.16053	-1.10784	2.46469	4.49423	
4.52045	2.16083	-1.1079	2.46454	4.49423	
4.52045	2.1614	-1.10798	2.46423	4.49423	
4.52045	2.16199	-1.10806	2.46398	4.49423	
4.52045	2.16259	-1.1081	2.46376	4.49423	
4.52045	2.16322	-1.10813	2.46341	4.49423	
4.52045	2.16368	-1.10815	2.46319	4.49423	
4.52045	2.16444	-1.10817	2.46272	4.49423	
4.52045	2.16487	-1.10818	2.46243	4.49423	
4.52045	2.16546	-1.1082	2.46197	4.49423	
4.52045	2.16603	-1.10823	2.46146	4.49423	
4.52045	2.16656	-1.10831	2.46091	4.49423	
4.52045	2.16712	-1.1084	2.46029	4.49423	
4.52045	2.16769	-1.10854	2.45967	4.49423	
4.52045	2.16825	-1.10872	2.45907	4.49423	
4.52045	2.16881	-1.1089	2.45861	4.49423	
4.52045	2.16881	-1.1089	2.45861	4.49423	
4.52045	2.16958	-1.10911	2.45805	4.49423	
4.52045	2.16998	-1.1092	2.45785	4.49423	
4.52045	2.17077	-1.10959	2.4575	4.49423	
4.52045	2.17125	-1.10975	2.45737	4.49423	
4.52045	2.17173	-1.10992	2.45726	4.49423	
4.52045	2.17196	-1.11002	2.45721	4.49423	
4.52045	2.17249	-1.11024	2.45712	4.49423	
4.52045	2.17297	-1.11041	2.45701	4.49423	
4.52045	2.17324	-1.11051	2.45695	4.49423	
4.52045	2.17357	-1.1106	2.45681	4.49423	
4.52045	2.17387	-1.11069	2.45666	4.49423	
4.52045	2.17415	-1.11077	2.45642	4.49423	
4.52045	2.17444	-1.11087	2.45619	4.49423	
4.52045	2.17468	-1.11099	2.45595	4.49423	
4.52045	2.17494	-1.11112	2.45571	4.49423	
4.52045	2.17518	-1.11128	2.45544	4.49423	
4.52045	2.1753	-1.11135	2.45533	4.49423	
4.52045	2.17559	-1.11159	2.45502	4.49423	
4.52045	2.17572	-1.11164	2.45498	4.49423	
4.52045	2.17612	-1.11181	2.4548	4.49423	
4.52045	2.17638	-1.11189	2.45467	4.49423	
4.52045	2.17652	-1.11192	2.45462	4.49423	
4.52045	2.17677	-1.11198	2.45456	4.49423	
4.52045	2.17697	-1.11206	2.45447	4.49423	
4.52045	2.17707	-1.11211	2.45445	4.49423	
4.52045	2.17724	-1.11219	2.45438	4.49423	
4.52045	2.17747	-1.11236	2.45425	4.49423	
4.52045	2.1775	-1.11239	2.45423	4.49423	
4.52045	2.17763	-1.11256	2.45414	4.49423	
4.52045	2.17771	-1.11274	2.45409	4.49423	
4.52045	2.17776	-1.11289	2.45405	4.49423	
4.52045	2.17779	-1.113	2.45403	4.49423	
4.52045	2.1778	-1.11303	2.45405	4.49423	
4.52045	2.1778	-1.11303	2.45405	4.49423	
4.52045	2.1778	-1.11303	2.45409	4.49423	
4.52045	2.1778	-1.11303	2.45409	4.49423	
4.52045	2.1778	-1.11307	2.45409	4.49423	
4.52045	2.17781	-1.11311	2.45407	4.49423	
4.52045	2.17781	-1.11318	2.45403	4.49423	
4.52045	2.17781	-1.11322	2.454	4.49423	
4.52045	2.17781	-1.11324	2.454	4.49423	
4.52045	2.17781	-1.11324	2.454	4.49423	
4.52045	2.17781	-1.11324	2.45405	4.49423	
4.52045	2.17781	-1.11324	2.45407	4.49423	
